9.536075398316468110e-04
9.452048503965082560e-04
9.994191289858234128e-04
9.887757062636559624e-04
9.254447769779794442e-04
9.499995645971814895e-04
9.934661446686643416e-04
9.296233018382116242e-04
9.038980096586213264e-04
8.397203775989403596e-04
8.774023620251591993e-04
9.125633704759605891e-04
6.776056714674627557e-04
6.583196374527755523e-04
7.939145415185588917e-04
9.758477594481451689e-04
8.587844869655247848e-04
5.517031307928910167e-04
8.253989790534266291e-04
8.199589169809451406e-04
8.008388407526600972e-04
9.042708970082857789e-04
7.395874516225031670e-04
9.614282983986255360e-04
9.146226325860151718e-04
9.521555666386349870e-04
6.165454421422911224e-04
9.229643881041305065e-04
9.835123911977605715e-04
7.967936541676268192e-04
8.225134213447615750e-04
8.856389506850526061e-04
7.060703929279155133e-04
9.708741192709924306e-04
9.585202280018023657e-04
9.595916459510522856e-04
9.568839652535077178e-04
9.813609028441749871e-04
9.546166520516541354e-04
7.217776635906059113e-04
8.809207594541179631e-04
4.843662571184514931e-04
9.203998845390692907e-04
9.515098703467561592e-04
9.138785437311502946e-04
9.480812922945114352e-04
8.795098828334735330e-04
9.471211467864115718e-04
9.096623610083121036e-04
9.651812942071957835e-04
1.042864848312397008e-03
8.060609071056656916e-04
8.972484280388437483e-04
3.906096065972031184e-04
8.889733229213714338e-04
7.526622943104799290e-04
8.737558755296248592e-04
4.572688611570452366e-04
9.153343837676741757e-04
9.365632462664530422e-04
9.137888839542140929e-04
9.574164416668029531e-04
8.498977134682172974e-04
7.770166995954008726e-04
