7.011671388049700582e-04
9.481037306217077187e-04
1.945802242819816286e-04
9.121752076560740718e-04
8.218505197010728125e-04
7.602902763461649727e-04
8.948554928138729991e-04
8.565280736257951943e-04
6.090561237646063830e-04
2.263644615707605112e-04
2.572100660745979539e-04
9.147853779594150581e-04
9.048122252034440649e-04
7.592491437925508180e-04
8.109720465703240677e-04
7.454108013932314591e-04
9.651726850078423681e-04
9.776571601241013099e-04
9.513626792563290024e-04
9.446988309185222477e-04
9.575653964681851704e-04
9.722982020362591626e-04
8.931533202916064340e-04
7.693372119792485364e-04
3.379528357803085470e-04
7.722142652135666197e-04
9.772449361610258123e-04
9.971943748782186034e-04
9.319860934289270205e-04
7.486815997662654709e-04
9.510822323902656805e-04
9.121137898150388779e-04
7.397160981107431255e-04
8.695876825258741505e-04
7.396459661450638379e-04
8.686679970612010138e-04
9.248695506918203080e-04
9.513837788295287368e-04
9.833373838916692478e-04
9.422814532835666057e-04
9.635342777210009757e-04
9.521710640745251197e-04
9.417935560031009956e-04
9.702194713501199885e-04
9.129226256504585635e-04
7.932663524242711262e-04
9.361420786512253400e-04
7.603629115053855969e-04
7.355668149041649784e-04
9.639408958742601286e-04
9.344946636868911582e-04
9.776528167539932923e-04
9.947882576464284199e-04
6.346259950307242548e-04
8.995601053367607847e-04
9.288140243549625197e-04
9.808660311889649819e-04
9.938575389717430042e-04
9.520995407832355539e-04
8.739596335043398057e-04
9.923322256198963132e-04
7.896001934184493365e-04
9.251992393949359794e-04
7.936042715273039505e-04
