74
71
73
69
68
68
73
74
74
70
69
74
76
69
71
73
74
67
73
68
70
74
75
73
67
68
70
73
76
66
75
74
68
72
71
71
71
71
99
99
88
69
77
69
74
69
72
77
74
69
73
67
69
75
83
71
76
71
65
72
75
68
75
77
68
69
72
74
77
79
71
79
99
69
79
70
71
77
75
71
68
72
89
78
99
75
86
86
76
72
69
71
71
75
73
68
70
69
99
78
79
94
81
83
99
74
68
71
75
76
75
70
68
76
73
66
73
71
73
69
98
70
70
85
78
69
76
68
74
71
74
82
77
67
68
80
84
66
68
68
78
68
69
77
72
69
97
70
71
69
67
99
69
89
64
79
99
99
70
90
73
86
85
68
72
72
66
73
63
77
70
83
65
93
74
99
75
97
74
83
75
65
68
58
66
67
78
72
70
71
67
74
70
89
99
66
74
74
78
89
70
69
71
71
69
73
69
72
69
68
99
75
69
72
99
67
75
69
70
65
99
73
81
75
71
73
91
75
69
75
75
75
81
98
82
99
68
68
79
68
73
71
91
74
71
71
99
70
66
70
77
70
72
79
73
84
