0
66
0
0
0
0
0
0
0
0
8
0
0
0
0
0
0
0
0
0
73
0
70
0
1
76
0
0
68
0
0
0
0
0
0
0
0
0
45
43
21
0
0
0
0
0
68
0
0
0
0
0
66
5
49
48
65
54
29
0
0
0
0
0
74
0
0
28
55
36
71
75
39
35
26
0
70
0
0
0
0
0
73
41
22
53
54
45
40
64
0
0
0
0
0
0
0
0
45
36
22
19
53
99
48
45
0
0
70
0
0
0
68
0
37
30
74
37
33
21
45
56
0
0
17
0
0
63
0
0
40
61
42
51
60
57
42
47
2
70
2
9
11
0
34
61
47
32
83
13
52
43
25
73
24
9
21
3
33
20
26
59
25
13
24
8
68
48
62
53
52
39
34
22
59
78
12
74
29
30
8
64
75
51
20
22
33
22
0
2
23
11
7
44
90
48
21
68
37
67
15
10
23
39
3
6
11
8
16
51
86
52
37
61
37
31
19
9
12
38
21
10
10
21
24
13
38
64
39
30
36
67
11
73
24
79
46
22
14
70
83
16
42
45
40
79
34
15
4
8
11
26
27
85
6
19
