42
0
0
0
0
0
0
61
0
0
0
60
0
0
52
0
0
0
0
56
0
0
0
0
0
0
0
0
0
0
0
0
0
0
0
0
0
0
28
30
58
13
0
0
0
57
0
0
51
0
0
0
0
60
50
10
23
0
0
0
0
0
0
60
0
0
0
59
36
5
33
37
10
14
59
15
0
0
0
0
0
0
24
1
4
3
26
15
28
36
1
0
0
46
0
0
0
34
24
12
5
12
50
3
22
99
0
0
0
0
0
46
0
0
26
45
11
21
59
20
27
15
0
0
0
57
0
0
58
0
21
14
4
28
10
23
12
35
61
2
0
0
0
58
3
10
72
35
54
3
4
40
13
32
6
12
18
58
7
6
0
61
12
16
15
3
8
33
12
19
40
13
26
9
8
65
7
30
6
0
4
1
20
29
51
0
21
10
59
2
4
14
5
0
72
37
16
25
42
14
33
6
0
11
14
0
0
14
59
0
16
6
12
40
21
8
58
1
1
14
12
0
62
3
0
7
67
19
12
35
42
23
19
2
0
17
23
5
0
6
4
0
18
18
60
17
19
3
9
0
51
8
57
19
57
5
