58
61
60
61
61
51
62
61
61
61
60
61
61
61
61
61
61
60
60
61
60
51
63
61
51
63
61
61
61
61
61
61
61
60
59
61
61
60
66
66
58
62
61
51
63
61
51
63
61
51
62
61
59
60
99
55
62
59
59
53
54
62
61
60
60
62
60
51
70
65
61
59
60
54
64
51
62
62
61
60
58
61
63
57
53
62
58
57
56
60
63
53
63
60
60
60
60
60
71
58
64
62
63
58
64
99
57
50
62
60
61
61
60
60
59
56
60
55
59
65
65
99
56
51
54
54
63
61
61
60
53
53
44
62
60
63
69
67
54
58
63
61
61
62
51
58
65
55
56
55
99
70
49
58
63
61
56
61
62
59
62
57
57
62
63
62
41
58
63
54
49
56
66
59
61
57
54
77
55
63
64
56
62
59
55
58
70
53
62
61
61
50
55
63
73
62
57
90
71
55
53
59
53
61
53
64
60
52
62
60
58
63
56
87
75
59
58
58
62
55
61
61
60
58
61
51
56
45
60
58
63
57
61
60
64
55
57
62
56
67
57
60
48
64
47
58
53
63
55
62
67
61
53
62
61
70
