9.293657801653365524e-04
7.428087513626779881e-04
7.356311290732664432e-04
2.251117523067724946e-04
5.930729232256348737e-04
5.780106694230902065e-05
4.881558153413401158e-05
4.916071146554568116e-05
3.452796055414264487e-04
9.611679368978220950e-04
6.916492031885379532e-04
5.636361175672677248e-04
8.084708781773697339e-04
1.219074634033479043e-04
5.361454301489043672e-05
7.226656511505336056e-05
3.447044655831010829e-04
8.420478824546773211e-04
8.958798152346458821e-04
9.790085744558751912e-04
5.698977318151499105e-04
5.827356089689317287e-04
2.520632617973861400e-04
7.703944012016350484e-05
5.453635532396416963e-04
6.422102682975827648e-04
9.087161201513094255e-04
8.567839519463271714e-04
7.026360669886155819e-04
3.851280228965858754e-04
9.086743413779796441e-04
1.312649999634096787e-04
8.675098097048472567e-04
8.924502007353618538e-04
9.414031822275736872e-04
8.329468431343967083e-04
9.831562002730054317e-04
8.688324097519961597e-04
9.915383892769025209e-04
5.385351051881981377e-04
8.088841685645054014e-04
7.779364986895132006e-04
4.963972506303315768e-04
2.204899071311938741e-04
9.239378484522386970e-04
7.269890490816388606e-04
9.962174035003101835e-04
9.519374578758066363e-04
9.498350519484555221e-04
8.979277880593050654e-04
8.985786457385014359e-04
5.020711072651895535e-04
4.566485988670709872e-04
6.967178768252368926e-04
6.008108349684349037e-04
7.192460854665849723e-04
9.588271272448212201e-04
7.931496934115989106e-04
8.034725222684224732e-04
4.356767863101795868e-04
9.517208097452600768e-04
7.889017584167268282e-04
4.397440570974575635e-04
9.297964594264795934e-04
