9.983785168253822562e-04
8.585611285664151993e-04
7.857973248533989263e-04
9.725040016642649832e-04
8.692419232644299498e-04
7.905195184785274165e-04
9.598780121217176386e-04
9.786057785360346983e-04
6.978025616747318693e-04
7.269555924098725086e-04
9.890115283279765634e-04
9.568077520717421791e-04
8.372769800927271078e-04
7.245553777431856801e-04
9.897471612505537308e-04
8.781228651457695378e-04
7.887621725338744838e-04
9.202526284611822760e-04
9.906796012666418960e-04
8.464094956810441772e-04
9.313709613198994930e-04
7.818106861816609410e-04
8.885760512964413493e-04
9.247079812607639226e-04
9.120115487608604354e-04
8.707045303434357564e-04
9.763457828668720140e-04
9.996885009612155315e-04
9.965183894892204464e-04
9.976005345123661883e-04
8.859884828406050516e-04
9.538138261819817387e-04
9.860543930398923962e-04
9.950142410635187673e-04
9.366323196864367873e-04
9.495987893503032851e-04
9.997624142533689806e-04
9.864370324171867210e-04
9.752744522549816608e-04
9.327217886495597909e-04
9.604065417122553683e-04
5.598392966765786127e-04
8.839856329340145535e-04
8.390671428514240304e-04
8.535144957675377952e-04
8.585843617294752761e-04
8.509372576761542462e-04
1.466224093533918804e-03
9.537063836766446201e-04
9.198358612388934930e-04
9.209649498451710770e-04
9.644944634851215781e-04
8.918053975180972870e-04
9.762850375741871645e-04
9.102787116253008293e-04
9.962108666554669867e-04
9.499751768139441666e-04
9.322076808381263291e-04
6.704739278446947282e-04
8.917855223232740158e-04
7.924334693329981860e-04
9.122110277690609337e-04
9.140732278709595704e-04
9.667981904049050002e-04
