68
75
72
68
74
74
74
68
75
70
64
70
72
91
72
99
68
73
67
67
66
71
71
72
74
72
71
71
76
79
75
72
71
68
67
66
69
76
73
84
78
87
63
73
73
82
96
68
68
68
72
70
77
75
75
75
73
75
70
75
73
81
74
69
67
73
71
70
76
70
74
70
75
81
95
86
72
66
90
72
71
72
72
73
82
70
89
69
78
74
70
83
72
64
68
72
72
67
68
80
78
99
76
71
92
67
87
71
71
71
71
72
70
70
67
67
77
92
92
79
73
67
99
63
77
71
70
75
67
72
79
77
99
83
65
73
99
69
74
64
85
69
78
76
73
65
73
75
70
74
73
68
73
66
90
99
70
70
69
71
70
70
79
99
77
66
77
66
77
79
89
64
74
72
66
69
61
69
81
75
73
68
99
66
66
79
74
70
66
74
68
66
91
68
84
69
70
81
69
74
64
99
73
65
69
77
72
68
76
69
99
93
68
75
74
72
68
71
72
73
82
69
99
72
68
67
98
73
67
98
65
74
69
70
72
83
99
71
77
73
67
69
82
69
87
99
83
69
71
71
74
70
73
88
68
83
