7.340759778137195823e-04
5.233080374756893249e-04
7.102479935398031685e-04
8.728747459227914618e-04
8.148903260769557733e-04
5.460825628054166714e-04
9.216709023006641743e-04
8.359944430705867902e-04
7.080952931701745001e-04
5.202681957242605293e-04
5.986588756052846350e-04
3.450594371430248941e-04
8.004861417161279746e-04
9.695175088126894991e-04
4.788849218049229250e-04
9.656835140140485052e-04
6.643693472134781786e-04
8.164855740737664291e-04
9.106656957669212460e-04
9.822139503784521608e-04
6.750887627875457042e-04
8.864217249321404424e-04
9.396890059077955826e-04
7.205342344178689018e-04
9.614578463551515242e-04
5.387129811268431823e-04
8.486749973597440544e-04
6.658609319051267406e-04
7.940739317000566899e-04
9.534399452877373449e-04
8.803916130026845366e-04
9.316307352164043820e-04
9.895350037502081975e-04
8.106939101508725543e-04
9.334527454030183691e-04
7.523772063745548522e-04
6.551480924733565914e-04
9.446684454998965919e-04
5.562296471325334224e-04
9.887147063295520510e-04
8.437499301950923680e-04
6.837495705616092323e-04
7.864289447733208149e-04
7.360506369502584079e-04
9.002838559742931679e-04
8.331756334357676153e-04
9.137725767878190908e-04
8.593830274600255947e-04
8.531030074111489725e-04
7.442028394604172092e-04
7.409461658233196246e-04
6.842127383521745543e-04
4.526764159605844995e-04
8.632740163060370620e-04
6.210675041085078618e-04
7.844764892775968335e-04
9.521700013449541089e-04
9.821726409771081023e-04
8.672569336877211654e-04
7.125058928794114621e-04
3.581940276040640470e-04
8.752079770177889628e-04
5.630520312910336500e-04
4.918697509440628224e-04
