1.821397827820314674e-04
9.760343134166404866e-04
7.267859753374850129e-04
2.621986917491492264e-04
5.169051048070638643e-05
2.220203826567290761e-04
8.650094161553045780e-04
2.175525271117528803e-04
2.324886942819404112e-04
8.180101485357749169e-04
8.539307223719427853e-04
9.705098680549140155e-04
7.579666404650131639e-04
4.750848488861425523e-04
3.069825412257420894e-04
7.356877227420177690e-04
8.205009339575797256e-04
4.317874684213185432e-04
1.017603395511157416e-04
2.652610711495473339e-04
2.879389888787997620e-05
5.344161848130912773e-05
9.336931438813644846e-04
6.978574515316138260e-04
9.107148911441376171e-04
3.937638201820803374e-04
3.645521122754846743e-04
1.757344141201100385e-04
5.755479454363499059e-04
8.845916274726750572e-04
9.998361595616733766e-04
4.810376421204853870e-04
1.918633510857858937e-04
2.439683218823374133e-04
4.502526606223744565e-04
7.338627638298067524e-05
8.893087101281560436e-04
9.769780646575743077e-04
7.935575008685136211e-04
6.377752936159719610e-04
4.390042335079558100e-04
4.520763624502599498e-04
6.282217282422841720e-04
9.643768065668023581e-04
1.050047792076069797e-04
5.950143626899384586e-04
7.904987590159340272e-04
6.402594824317375810e-04
5.539274281428641089e-04
7.640565947132360591e-04
7.851284244826395309e-04
4.959353500160190720e-04
7.932010411288992202e-04
7.919959039872637163e-04
5.782252941276544433e-04
4.211049056461746432e-04
2.066924475654374760e-04
5.527847535966579073e-04
3.215333116708407601e-04
4.346457691684069147e-04
9.090908294270283463e-04
9.712363378010513415e-04
8.595618058069298684e-04
8.223807676339678352e-04
3.811783003823121518e-04
3.674934264131790584e-04
7.113572690516933861e-04
9.395015362773095902e-04
6.469324203870474577e-04
6.930677364678228258e-04
7.797117335218706202e-04
6.119798989713265414e-04
5.595236478306286898e-05
3.766769863331465018e-04
7.385145000271542415e-04
8.442153082651726592e-04
1.105330556852024415e-04
4.613506276054391009e-04
6.174765988889996393e-04
2.910994934678390322e-04
9.550448819241053044e-04
2.217615872650569031e-04
9.472149023843634552e-04
5.700007433930842637e-04
8.097234150220566917e-04
6.988526074996892490e-04
4.578645163592076628e-04
6.781740188586127260e-04
5.423033662352860773e-04
9.128845886833270029e-04
6.762255909794623321e-04
8.768951987674356019e-04
9.491672763908276522e-04
6.724799109254497864e-04
3.064840243428568201e-04
2.977744345226129852e-04
9.283473407042386327e-04
2.208048719131161519e-04
4.363123929701506754e-04
9.636168250948262681e-04
8.920670507259753634e-04
5.999034744238462835e-04
9.138565471957793562e-04
7.193220098979935528e-04
8.282648714096341180e-04
9.314070006817276592e-04
9.100752731523442662e-04
8.809990106447562752e-04
5.597775135059990248e-04
3.853941702021135285e-04
3.426907429694425744e-04
7.834583465459177276e-04
9.333806055822346792e-05
8.352703313422304987e-04
3.134066000466395607e-04
5.638084362961093277e-04
8.748309348165506094e-04
4.547183094859574837e-04
9.654261543114994737e-04
6.134135106728999531e-04
8.835273321065040264e-04
9.919251586434363333e-04
8.892288419477534234e-04
6.547664920237838970e-04
7.575769902785634002e-04
7.279071286994120982e-04
5.623307959777834597e-04
9.790099771326277178e-04
8.847800309729203505e-04
3.819440921629668750e-04
7.586644286161625672e-04
6.363041072456887548e-04
4.049231790397289643e-04
9.604616361963413951e-04
5.441865525155353822e-04
8.982332543338023001e-04
2.917483816308186206e-04
8.130098124520257485e-04
9.102151452903273210e-04
7.927721860910841301e-04
8.549457350709444015e-04
6.264911409201712189e-04
1.740842856030599961e-04
9.905541025395647736e-04
8.868800900344586680e-04
8.688771520936056092e-04
8.010769306139309265e-04
5.871825803331898186e-04
5.233397220691937690e-04
4.641241426852626972e-04
9.128347961480098860e-04
9.177530102889575048e-04
6.129542102389917702e-04
6.219186572212764830e-04
7.606672540633185875e-04
7.667358052526607182e-04
9.422242978418537973e-04
6.844720167366036279e-04
8.856718274101726962e-04
2.303856535177395415e-04
8.700294246031248235e-04
1.080206792741789101e-04
9.923223638359512933e-04
3.895703719214438365e-04
7.751398930796460363e-04
8.102192888164161388e-04
7.416479223973926338e-04
6.646494728475005331e-04
7.880019306496510723e-04
4.733715824308815101e-04
8.951092550779637946e-04
8.570398895293429575e-04
4.715633920177042526e-04
6.574058126346260522e-04
9.780775285844756084e-04
5.058018244984419098e-04
8.999253088789460620e-04
1.674257685203572876e-04
8.034029731398550922e-04
7.356813270664730453e-04
9.859222028791858605e-04
8.004575838719274472e-04
7.522434706829228546e-04
8.117837800173388629e-04
8.867425232149672709e-04
8.956450586207198583e-04
5.098978683754085139e-04
9.151521288791597541e-04
1.780118270677810699e-04
1.208095556481936228e-04
1.280999564504670118e-04
1.580338624934674030e-04
5.561859691097792435e-04
6.815243545322813290e-04
8.544984825666901429e-04
8.038823733971245389e-04
9.893885222373999255e-04
8.677931433062058275e-04
9.499379276844965858e-04
7.325532647229904271e-04
7.640625650443544359e-04
9.977620491208316622e-04
8.832796986401048045e-04
7.014156730708043241e-04
8.110986676911347004e-04
8.203175942560481104e-04
3.171297252390070653e-04
5.369753941751875814e-04
6.646334880410220691e-04
3.114359181399795062e-04
6.183758677140716031e-04
8.795481205426947113e-04
8.207181041858246928e-04
7.387426202627445093e-04
5.500216868724594477e-04
3.947700989404001604e-04
2.212000983455864045e-04
1.403571232402311963e-04
2.640671712431652551e-04
9.973736186489334798e-04
8.897648027829108131e-04
8.502667412653153178e-04
8.816725669938962895e-04
9.731569825065511381e-04
9.052822254197456786e-04
5.758128315076493919e-04
5.071709874538976592e-04
7.803835570987516235e-04
9.782142764336310137e-04
9.590833941509613325e-04
4.989155515842114141e-04
6.417183333182752136e-04
2.024390215565885498e-04
9.486064110749703460e-04
1.133810165365733980e-04
9.839323830235224833e-04
6.886737683661214859e-04
5.156898551319510915e-04
8.320921669439096391e-04
7.659993625109828841e-04
9.112154518959858507e-04
4.728772235907952037e-04
9.274245499641953216e-04
6.911720105206020648e-04
9.757780077355171500e-04
8.209699254099200871e-04
9.813995986286405682e-04
2.413494392793369414e-04
1.557713899330570584e-04
7.166332163012212320e-04
3.995624774191242068e-04
8.964958273982581716e-04
6.952813703775539977e-04
8.267354147972749701e-04
5.865831994268377869e-04
4.582212691983666986e-04
