0
0
0
69
0
0
76
2
0
65
0
0
0
0
2
0
0
0
0
66
0
0
0
0
0
71
0
0
0
0
0
0
0
0
0
0
0
0
0
0
68
0
0
0
0
0
0
0
0
0
3
2
16
32
0
1
0
0
0
0
69
0
19
76
0
67
0
0
0
0
1
2
1
0
0
0
81
0
0
0
0
0
0
0
0
0
0
0
0
0
0
0
70
0
0
0
71
0
0
66
0
0
0
0
2
0
0
0
0
73
0
0
0
70
3
65
0
98
29
0
76
0
66
0
0
0
27
30
0
0
0
0
0
0
0
0
0
0
0
0
0
0
0
0
0
0
0
0
0
73
0
0
68
0
0
0
0
0
0
0
0
0
0
0
0
0
0
0
0
4
0
69
0
0
0
0
0
0
0
2
0
11
21
0
3
0
0
0
0
0
3
14
67
0
0
0
0
76
0
72
0
0
0
0
0
0
0
0
72
0
0
0
0
0
0
0
0
0
0
0
0
2
0
0
75
0
0
0
1
0
0
2
3
0
0
0
0
0
71
0
0
0
0
7
9
31
82
10
0
0
0
0
25
10
4
72
0
0
69
0
0
0
0
0
3
68
0
0
6
70
0
0
0
0
67
0
0
69
0
64
0
0
0
0
0
70
0
0
0
0
0
0
0
80
0
0
0
72
0
0
0
0
0
0
0
0
0
0
11
0
39
21
0
0
0
0
20
5
4
0
0
0
0
0
0
0
75
0
2
0
0
0
0
0
0
0
0
0
0
0
0
0
0
0
0
1
7
18
18
21
10
70
0
66
0
0
21
0
0
0
0
0
0
0
0
0
0
0
0
0
0
0
0
5
0
17
0
67
5
14
0
0
0
71
66
0
0
70
0
0
0
0
0
0
74
0
0
71
0
0
0
0
0
63
0
2
0
1
5
0
11
0
2
0
4
18
15
0
0
0
0
0
70
0
0
0
0
66
0
0
75
0
0
74
0
0
65
12
3
42
23
29
3
72
3
15
3
2
0
0
0
4
0
0
0
0
66
0
0
0
0
0
0
0
0
0
0
3
8
10
2
0
72
0
0
0
71
0
4
0
21
70
19
0
0
0
0
0
0
0
0
0
0
0
0
0
0
0
0
0
0
0
11
1
83
32
3
3
4
3
0
71
0
0
76
2
0
0
0
6
0
0
0
0
0
0
0
0
0
0
0
17
4
0
76
0
4
2
13
0
0
0
76
0
0
0
6
29
26
0
0
0
66
0
0
3
0
0
68
0
0
0
0
0
0
0
2
18
53
0
0
5
2
68
2
13
59
1
15
0
67
0
63
0
0
0
0
69
0
0
0
72
0
0
0
41
0
0
0
0
0
5
0
0
1
0
5
0
3
0
15
7
39
34
0
0
0
1
0
0
0
2
0
0
0
0
0
0
0
0
76
23
0
3
3
1
10
13
14
34
0
7
0
0
0
0
0
0
15
0
0
0
0
0
0
0
0
3
2
0
0
0
0
0
4
0
0
0
70
0
68
5
38
74
0
0
0
76
25
0
0
0
66
0
0
6
20
7
76
0
0
67
0
10
29
0
0
0
3
4
7
9
22
8
12
0
13
0
73
0
0
68
2
0
0
0
1
69
0
0
0
68
5
0
0
3
0
71
0
0
0
0
0
1
16
19
4
0
4
0
26
0
17
0
0
4
0
0
0
7
20
4
0
0
0
0
0
26
28
0
66
7
6
22
8
10
6
6
3
0
0
3
0
0
1
0
3
0
0
0
0
0
0
0
0
2
0
0
2
0
0
0
2
71
0
8
71
9
0
0
0
0
0
0
0
0
3
28
9
0
0
0
0
78
15
8
5
0
0
0
60
44
0
4
2
10
5
11
27
0
69
0
0
0
12
0
0
0
0
0
0
0
0
69
0
73
0
17
17
70
0
1
74
1
8
0
0
1
0
16
9
0
0
0
0
0
0
0
0
0
0
67
26
66
0
62
0
0
0
10
15
66
18
0
35
8
67
2
11
2
10
18
4
0
4
0
0
0
0
0
0
0
0
10
3
0
0
0
0
0
0
71
15
0
0
0
0
0
0
0
66
7
28
4
0
79
1
0
67
0
0
0
0
0
0
0
22
9
0
0
0
0
19
13
26
23
9
12
29
5
4
5
8
69
21
10
4
0
0
0
0
0
0
0
71
0
0
0
72
6
3
0
0
0
14
28
4
0
2
7
3
2
74
4
16
28
5
9
5
0
0
0
0
0
0
0
75
0
0
0
0
98
1
70
0
73
68
47
18
5
0
0
35
0
10
0
15
5
27
3
0
0
0
71
0
0
0
0
0
0
2
0
0
0
0
0
0
0
0
22
2
3
11
69
4
2
6
13
17
7
14
1
5
0
67
2
4
0
0
0
0
6
0
0
31
13
19
0
0
30
25
14
2
65
0
0
20
73
2
8
3
23
19
0
0
0
0
0
0
69
0
5
73
0
9
69
1
67
1
1
0
3
78
16
8
0
18
2
5
2
10
9
74
2
3
66
0
1
6
0
0
62
0
8
18
2
0
0
11
0
8
3
69
9
4
0
0
0
0
0
33
3
7
68
10
69
0
0
0
0
0
59
0
0
0
7
0
0
0
0
2
1
0
0
0
0
12
4
5
6
5
8
1
73
13
0
8
3
5
2
4
7
72
0
0
0
0
2
0
5
79
3
0
0
68
7
0
0
0
70
0
2
67
9
77
1
2
4
19
13
0
0
0
68
0
0
0
0
0
0
0
0
0
0
0
0
0
0
0
0
8
0
4
7
13
2
11
0
2
43
13
9
0
70
5
2
0
5
2
10
2
0
0
0
3
11
7
44
7
0
75
0
0
0
7
2
9
34
69
9
3
21
73
0
70
0
0
0
0
0
0
0
0
0
0
0
68
7
2
0
72
0
0
0
5
73
11
7
71
10
7
10
11
4
20
15
0
1
0
16
0
72
2
6
0
6
70
0
13
69
13
0
1
0
0
0
0
67
11
26
66
38
0
8
9
16
6
0
0
0
0
0
0
0
0
0
0
0
0
0
0
0
3
0
0
0
0
0
23
0
1
6
8
14
3
0
0
2
5
59
2
28
23
99
26
25
34
72
22
17
32
3
12
0
0
0
65
0
0
0
0
14
30
22
20
41
67
7
13
19
75
0
0
0
0
0
0
64
0
69
0
3
69
0
72
8
2
0
0
0
0
0
3
0
1
15
24
68
21
68
9
73
5
7
16
80
24
21
15
30
30
21
28
67
35
15
4
0
69
0
0
0
9
14
27
40
78
22
36
1
2
3
70
0
0
0
0
72
0
0
0
0
0
0
0
0
0
0
0
0
0
0
0
0
65
0
0
19
3
11
10
8
5
2
0
0
5
13
17
18
57
73
23
71
29
64
31
23
17
6
0
0
0
0
8
73
49
20
51
15
16
22
3
75
3
12
21
2
0
77
0
0
0
0
0
0
0
63
0
2
0
0
0
12
0
0
0
0
0
0
73
22
9
16
16
6
70
0
1
20
29
89
47
20
87
21
27
25
29
35
53
74
2
0
0
0
0
0
31
32
19
35
22
7
31
11
0
2
14
36
77
7
0
0
0
0
0
0
0
0
0
0
0
0
70
0
0
0
0
0
0
67
0
0
0
27
8
71
18
10
4
6
70
11
99
32
25
43
21
21
72
41
28
66
12
0
0
1
0
0
0
14
65
21
27
5
99
43
72
5
2
13
72
22
16
0
0
71
0
0
63
0
0
0
68
0
0
0
0
0
72
7
0
0
0
0
0
0
1
0
21
6
14
69
2
12
16
23
28
20
33
30
23
20
27
30
39
20
11
0
1
74
1
68
0
0
89
23
35
37
36
0
2
4
71
3
17
11
7
0
0
0
0
0
0
0
66
0
0
0
0
68
0
0
0
0
70
0
0
70
0
0
0
72
9
26
4
2
16
11
27
55
7
85
18
47
22
32
22
64
26
0
0
0
3
0
0
3
0
0
15
35
58
8
18
64
0
15
12
7
21
73
5
0
0
0
0
0
66
0
0
0
0
0
0
0
0
0
0
0
0
4
0
0
0
29
6
0
30
21
11
14
76
22
81
17
74
14
33
99
50
34
25
15
8
10
63
0
72
3
0
0
0
0
9
75
24
36
30
3
0
2
5
12
19
7
0
0
8
0
1
0
0
0
0
65
0
0
0
0
0
0
0
70
10
0
0
0
3
0
0
71
7
26
7
15
43
26
30
37
23
22
24
30
34
23
81
7
15
2
0
1
0
0
0
69
0
0
10
30
18
38
24
0
0
11
7
28
1
3
0
0
0
67
0
69
1
0
0
0
0
70
0
0
0
72
0
0
0
0
72
0
69
0
2
21
71
38
76
17
24
31
13
28
23
67
23
57
99
30
8
0
16
32
9
8
0
0
0
0
0
0
7
27
20
40
30
27
17
8
71
21
4
64
1
0
0
0
0
0
0
0
0
71
0
0
0
0
0
0
0
0
0
0
0
0
0
0
23
7
99
40
38
26
23
32
75
17
22
29
29
32
34
5
9
24
28
80
38
67
25
0
66
0
66
26
21
36
41
18
71
7
14
0
13
13
2
0
0
0
0
0
0
0
68
0
0
0
0
2
0
16
0
77
0
0
9
0
3
0
0
30
73
15
29
20
46
35
23
17
15
19
33
71
32
44
70
4
14
61
27
32
31
38
4
0
0
0
43
29
40
24
78
1
10
3
8
4
25
0
0
0
0
0
65
0
0
0
0
0
71
0
3
0
0
0
0
0
0
3
0
72
0
0
14
41
24
27
24
27
27
88
14
9
75
68
10
19
41
22
0
9
23
20
99
29
31
27
30
0
5
21
45
33
30
10
15
9
47
13
66
3
69
28
0
0
0
0
0
0
0
0
72
0
3
28
0
78
0
0
0
0
71
0
7
0
0
23
30
73
33
36
30
29
83
26
20
35
14
3
12
77
44
17
53
17
72
9
8
19
16
5
0
0
5
11
16
46
79
11
6
28
22
16
7
15
17
7
0
0
0
0
0
72
0
0
0
12
72
7
0
0
0
21
0
0
0
1
0
0
11
11
21
38
34
19
99
17
99
27
90
83
4
71
8
29
23
54
74
0
0
0
4
4
2
4
0
71
0
3
6
71
10
2
19
19
11
72
12
24
0
70
0
0
70
0
0
0
0
70
0
2
0
0
0
3
0
0
69
0
0
0
71
3
12
16
29
23
28
26
49
44
30
21
38
31
57
0
48
34
22
36
4
0
0
0
0
70
0
0
0
0
0
0
0
0
1
78
3
73
21
16
15
17
3
0
1
0
0
0
0
0
0
15
0
0
0
0
0
2
0
17
0
1
0
4
0
0
61
21
81
24
19
73
24
8
19
20
26
77
64
73
27
28
52
68
0
0
0
0
0
0
0
71
0
0
69
0
0
0
0
17
5
25
9
99
9
70
4
0
0
0
0
0
0
0
6
0
0
71
0
0
0
3
72
0
69
0
0
0
72
11
18
20
28
39
21
26
30
17
20
33
55
42
52
27
19
80
28
11
18
2
0
0
0
0
0
0
0
5
0
3
0
0
7
38
15
19
53
22
19
12
0
0
0
0
0
0
74
2
9
71
0
0
0
72
0
1
5
5
0
0
0
0
18
10
17
22
20
18
71
25
48
72
25
73
24
74
48
36
33
50
7
9
0
0
0
0
0
69
0
0
3
71
6
4
9
0
14
66
9
25
28
45
27
0
74
0
0
0
0
0
0
7
0
0
0
0
0
0
69
6
1
67
0
0
0
6
9
4
5
65
28
40
40
15
25
27
29
26
32
22
36
29
37
18
14
77
0
0
0
0
0
0
0
7
23
29
1
63
0
0
22
10
9
5
23
41
19
3
0
0
0
0
73
0
0
1
0
0
0
0
0
0
2
9
10
1
0
74
0
0
3
66
10
32
32
22
19
71
19
41
34
28
39
22
39
88
2
19
8
2
0
0
0
0
0
7
78
0
0
7
15
3
0
84
34
2
22
70
20
24
13
0
0
0
0
0
0
0
1
71
0
0
0
0
68
0
0
71
0
17
0
0
0
0
0
10
25
21
52
24
36
20
26
21
47
38
29
20
43
36
12
11
8
7
68
0
76
0
0
9
1
0
70
3
2
0
8
83
9
16
6
12
37
21
2
0
75
0
0
68
0
0
1
0
0
0
0
0
0
0
2
0
3
3
0
0
0
0
16
13
19
34
18
24
29
72
30
19
35
66
55
31
84
26
68
20
10
8
0
0
0
0
0
12
99
0
22
8
15
40
39
26
12
5
15
14
12
2
0
0
0
0
0
0
0
0
0
0
0
0
0
0
0
0
0
0
1
2
0
0
0
9
20
21
24
17
25
24
18
20
22
79
23
20
32
31
15
2
14
16
20
7
70
0
0
0
0
2
19
0
42
16
13
0
37
8
14
11
2
70
14
0
0
0
0
69
0
6
1
0
12
67
0
64
0
67
0
0
8
20
13
2
0
0
11
5
27
17
93
32
23
25
18
24
48
29
22
33
26
23
0
9
7
13
10
3
3
0
75
0
0
0
0
3
71
2
0
32
29
2
7
7
6
12
3
0
0
63
0
0
0
0
0
79
0
0
0
0
0
0
0
0
0
1
71
0
67
0
0
77
0
25
13
24
20
30
10
32
17
11
20
22
25
6
16
72
2
1
2
3
11
39
3
6
0
0
2
0
10
0
0
31
10
66
11
4
2
7
22
0
0
0
0
74
0
0
0
0
2
0
68
0
70
0
1
74
0
0
2
1
0
0
0
0
2
22
11
30
16
78
39
21
23
28
27
26
17
71
4
7
1
0
70
3
4
77
15
28
7
0
69
0
0
8
72
14
3
0
22
3
69
2
11
0
10
71
0
0
0
0
0
72
11
0
0
0
0
0
12
31
7
0
7
8
2
0
10
10
34
64
33
17
20
14
25
28
17
26
79
34
48
7
5
9
69
5
3
1
5
12
3
8
23
5
0
0
0
9
22
37
7
9
8
21
3
3
2
69
4
0
3
3
61
0
0
0
17
0
0
0
0
28
26
25
16
24
58
7
0
0
0
65
31
33
20
65
26
31
38
24
30
20
29
28
39
87
5
6
2
7
69
8
10
9
7
0
70
0
0
0
0
0
0
3
34
77
20
14
73
2
14
3
3
0
0
0
0
12
3
21
0
0
0
72
12
74
15
67
0
5
8
3
65
0
2
15
25
26
20
25
37
69
25
41
32
20
16
75
32
24
13
19
11
5
11
0
17
7
1
0
0
0
0
0
69
0
0
0
0
4
17
47
8
17
16
2
71
0
67
0
3
0
21
71
2
0
0
8
34
2
3
3
7
6
9
16
0
0
0
2
32
25
11
23
98
22
43
41
30
33
20
23
46
23
90
3
2
74
6
69
14
21
0
3
1
0
0
0
0
0
0
0
0
0
0
68
34
9
59
2
0
0
0
0
0
13
2
14
0
0
11
17
11
2
2
5
16
6
24
11
0
0
71
2
30
69
24
20
28
26
52
32
74
24
21
35
18
35
37
24
14
1
15
64
13
37
13
0
0
69
0
0
64
0
0
72
0
70
0
0
33
13
24
0
0
0
74
0
0
3
5
4
0
0
10
12
0
26
65
4
18
68
2
29
22
0
0
0
37
11
10
8
33
93
45
38
37
44
36
11
46
78
57
7
18
2
2
10
37
78
2
0
0
0
0
0
0
0
0
0
0
0
0
70
30
20
17
0
0
0
0
0
4
5
7
0
72
1
19
68
0
2
0
0
2
3
0
9
0
0
0
0
38
13
13
25
31
97
26
16
24
55
28
25
29
33
35
75
13
4
9
9
27
25
0
0
0
0
68
0
0
65
0
0
0
0
0
0
0
54
30
0
0
0
0
0
0
1
64
0
0
11
2
0
2
0
0
10
68
4
64
26
71
8
0
0
21
10
9
22
72
28
86
24
21
24
81
21
36
70
37
33
27
2
63
7
0
43
0
0
0
0
0
0
0
0
0
0
69
0
0
0
0
32
13
8
70
0
0
0
66
13
0
0
1
4
0
7
2
0
2
69
2
8
0
3
0
0
0
5
74
29
26
33
16
13
20
27
27
22
30
35
21
28
36
14
80
24
0
2
71
15
1
0
0
0
69
0
71
0
0
0
0
0
70
0
71
24
12
8
1
0
0
0
3
13
11
66
5
71
0
8
13
0
0
0
11
61
9
12
69
10
0
27
23
31
47
11
11
22
7
31
69
21
43
58
99
30
25
16
4
14
3
7
16
21
0
0
0
0
0
0
0
0
70
0
0
0
0
0
0
0
81
0
17
10
31
0
0
11
3
2
6
4
5
2
2
0
4
7
28
2
22
26
0
0
0
15
27
23
30
69
20
15
2
19
27
30
17
31
31
39
72
4
68
2
2
2
28
7
0
0
0
0
0
0
0
0
0
0
0
69
0
0
0
0
30
4
5
31
68
99
23
13
19
76
18
19
4
5
1
71
9
6
16
15
1
86
0
0
0
13
28
19
24
15
21
17
72
10
22
22
25
74
21
6
15
3
9
3
19
20
77
0
0
0
0
72
0
0
0
0
0
0
0
0
0
0
67
0
20
5
4
0
7
17
30
6
6
25
14
3
65
21
5
3
5
7
12
69
0
12
0
0
72
13
21
14
12
6
2
26
14
22
20
63
11
16
27
3
7
11
15
99
34
18
0
0
0
66
0
0
0
0
0
67
0
0
0
0
0
0
0
0
13
15
67
0
70
10
13
29
20
28
31
2
2
1
1
72
6
5
12
2
3
12
67
0
0
13
24
11
8
6
25
28
18
65
30
30
71
71
51
11
6
33
29
64
18
69
0
0
0
0
0
0
0
0
0
0
0
0
0
0
0
62
0
64
0
28
0
0
5
12
19
27
14
7
7
0
2
19
2
2
7
3
2
20
16
26
0
0
0
27
69
32
2
75
55
24
8
30
35
33
38
40
27
15
73
3
7
0
0
0
0
0
0
67
0
0
0
0
0
0
0
0
0
0
0
0
0
0
0
20
0
71
0
0
69
5
0
5
6
25
8
14
8
2
14
70
70
4
2
11
65
9
18
17
20
15
9
15
15
29
68
34
30
30
40
24
29
39
2
5
0
70
0
0
0
81
0
0
0
0
69
0
0
64
0
0
0
68
0
0
0
69
0
23
19
7
0
2
0
10
71
6
12
69
7
17
71
8
8
19
