0
0
0
0
0
0
0
0
0
0
0
0
0
0
0
0
70
0
0
0
8
0
0
0
0
13
22
0
0
71
0
21
72
3
0
0
68
2
0
0
0
66
0
66
0
73
0
0
0
0
0
1
10
0
67
0
0
65
3
26
0
0
32
3
0
0
0
0
0
0
0
71
0
0
0
0
0
6
22
66
0
0
0
0
2
0
0
0
0
0
16
21
0
0
31
0
8
15
0
64
3
0
0
0
0
0
0
0
2
0
0
12
23
8
0
74
0
0
74
0
0
0
7
61
27
5
0
0
70
25
11
0
18
0
72
0
0
44
73
6
68
6
2
2
0
35
22
0
0
0
0
2
0
0
0
28
37
10
14
23
13
10
0
15
0
0
0
0
1
17
0
4
2
5
2
18
70
0
32
32
13
5
14
19
67
0
70
30
9
69
39
13
71
0
64
0
2
2
0
0
19
4
4
70
7
17
27
2
6
0
0
32
20
0
0
25
35
1
29
10
0
20
19
9
7
7
0
14
0
0
0
18
13
0
0
9
25
12
8
3
2
3
0
69
39
0
13
40
35
15
32
2
72
36
7
0
63
0
65
0
1
0
66
27
22
3
70
34
15
1
72
8
4
2
10
0
0
83
16
20
0
5
36
5
27
10
68
0
0
2
0
0
0
0
0
24
12
3
11
9
16
9
9
2
5
2
10
0
5
3
14
4
9
35
14
68
23
0
0
0
0
9
0
12
12
0
24
4
7
22
9
10
5
16
16
19
62
17
26
75
11
76
3
5
30
56
14
27
2
68
0
0
13
0
62
0
0
0
0
23
77
33
5
68
9
55
42
21
36
33
20
2
7
0
30
30
99
42
35
23
0
0
0
66
0
2
0
0
67
0
0
50
7
17
10
13
40
60
33
26
22
36
0
6
70
34
20
33
13
6
70
9
0
0
0
0
0
3
70
12
0
3
0
11
63
16
3
30
26
26
42
34
17
63
0
1
8
30
26
30
77
7
21
15
70
0
0
65
11
0
0
0
7
0
6
17
27
9
24
32
24
83
32
22
2
5
0
3
0
17
20
14
5
30
12
1
0
0
0
0
0
7
0
1
0
69
0
62
34
25
36
26
26
31
24
73
20
57
18
0
17
34
32
20
9
71
10
0
0
0
0
0
71
2
0
71
5
0
33
24
33
70
39
30
39
39
17
28
32
72
68
14
29
77
25
21
24
27
0
0
65
0
71
6
2
5
0
0
17
44
38
38
41
23
33
34
34
97
52
9
22
9
3
17
22
36
27
18
21
13
72
0
0
0
22
14
22
69
0
74
0
27
27
65
22
99
27
36
38
40
15
2
0
2
0
7
0
22
16
26
63
2
0
0
0
3
3
0
8
2
13
0
34
24
43
19
25
29
37
39
35
12
0
0
0
4
3
5
29
50
16
37
29
0
0
0
2
0
0
0
6
14
0
0
71
32
41
21
42
47
30
30
41
22
64
0
0
16
30
13
22
99
23
35
21
0
0
0
7
0
71
0
23
14
0
0
10
71
28
23
28
67
42
36
10
2
0
0
69
4
7
15
33
18
42
22
0
0
75
0
16
0
0
0
2
2
0
8
27
24
25
25
37
31
26
12
66
16
69
12
2
7
73
17
32
53
31
12
0
0
0
0
1
0
0
8
19
12
68
0
19
54
37
41
25
39
27
13
8
7
20
15
0
6
7
32
9
39
10
12
2
0
0
3
20
67
0
11
32
16
0
4
40
35
25
75
60
29
38
18
5
7
17
99
42
0
4
72
39
18
39
27
18
17
16
85
2
0
25
29
33
26
0
70
32
36
57
30
31
23
27
34
69
10
29
16
0
0
0
33
1
99
14
25
0
1
6
24
3
19
89
13
38
25
15
0
81
44
41
29
65
18
27
31
17
16
25
0
0
0
0
0
0
0
37
15
0
0
0
16
2
60
7
21
20
6
0
0
34
96
39
28
27
24
24
32
37
61
14
3
74
0
0
0
0
0
34
67
0
70
14
0
13
26
2
8
45
88
0
71
31
36
20
99
44
29
30
15
22
18
34
0
0
0
0
0
0
0
18
24
14
5
10
16
19
14
11
11
66
11
0
5
58
12
17
23
50
72
27
75
24
93
43
0
0
0
0
0
0
0
0
64
14
32
26
71
22
24
20
16
26
12
22
67
29
3
70
34
23
48
30
16
25
21
26
0
0
0
0
0
68
0
0
26
5
13
33
33
14
18
27
8
29
78
0
14
13
15
28
28
33
32
29
22
11
0
0
0
0
0
0
0
0
0
0
72
9
68
3
15
17
26
78
33
