0
58
4
0
0
0
59
0
0
61
13
60
7
13
0
9
7
0
0
0
0
0
1
4
16
0
0
0
0
17
62
19
14
0
0
0
23
19
56
11
0
16
1
5
0
19
6
8
0
12
60
0
52
7
9
0
0
0
16
21
61
10
61
19
0
0
6
11
15
8
4
0
0
7
53
12
0
5
28
0
1
0
61
20
2
57
6
16
13
20
0
7
5
28
0
0
24
0
0
2
21
10
2
0
24
5
27
15
6
10
0
0
0
2
0
0
29
18
55
4
14
6
3
21
31
58
0
57
0
0
0
33
19
22
15
25
21
12
15
17
18
0
0
6
51
0
21
3
6
16
18
4
0
4
70
33
18
3
3
0
12
0
12
3
10
34
15
0
12
14
10
33
0
0
56
3
19
0
51
2
24
34
59
2
35
24
8
5
0
0
0
0
28
11
19
5
6
15
3
14
0
17
23
14
61
0
0
12
12
0
8
10
56
8
6
12
0
0
0
29
3
12
20
15
42
6
12
19
8
24
10
8
0
55
0
19
29
54
17
19
18
0
35
7
48
21
57
0
0
7
0
2
22
11
7
65
