9.366670378068153724e-04
6.757650411721716210e-04
8.660014254021630720e-04
9.536978389869110728e-04
9.903889918110309054e-04
8.931271920461503200e-04
9.145490528693622778e-04
8.461097551186735899e-04
7.568929909566035619e-04
8.425312011087759956e-04
8.203511352222747632e-04
9.524315500770708098e-04
8.955726218820014850e-04
7.197231294795436440e-04
8.675877485447847093e-04
9.983057056380806316e-04
9.470343482116394540e-04
6.925500112433535804e-04
9.355761048668309598e-04
9.756457649289229650e-04
9.774823617164640766e-04
8.458310895970155840e-04
6.544971232836926944e-04
9.377443269007468274e-04
9.672839129217791765e-04
9.806022973388728303e-04
7.156851404632735836e-04
9.444870397473659196e-04
9.466889922827848025e-04
9.208189941253275279e-04
9.376158581589910668e-04
6.584256431730883818e-04
7.961982071797990557e-04
9.181111580853773546e-04
7.539975911209362280e-04
8.899179404865398268e-04
9.439918890510323735e-04
8.794451299463101890e-04
8.660057032701118374e-04
8.458006619229685441e-04
9.911510006781476534e-04
5.608758113104794774e-04
8.858975002309366076e-04
9.257791882630872493e-04
8.450590933523072223e-04
9.293596138513215976e-04
8.536747176562942130e-04
8.060474409067319712e-04
8.039612825622155512e-04
9.560064535986123602e-04
9.935475834408347140e-04
9.497103059395994862e-04
9.774473242040171428e-04
6.648119421681641938e-04
9.439634150217868225e-04
9.036318956981981287e-04
9.991595713251255617e-04
8.310456251350295531e-04
9.912418503166264827e-04
9.524783522145696679e-04
9.492795863517144994e-04
9.718736577054576387e-04
9.213910481474796299e-04
7.278923281053284455e-04
9.621912476819316495e-04
7.733081044659639858e-04
8.604949795860683537e-04
8.862680043650872364e-04
8.626755412491915465e-04
8.219459088699698768e-04
8.686340545317472461e-04
7.771462463649347896e-04
9.471799799818381160e-04
7.353497353931315317e-04
8.568355041705943975e-04
2.365294198862777364e-04
9.810780241398253665e-04
9.758719996276754571e-04
8.084120399778349508e-04
8.102529956279802548e-04
8.961009084369475630e-04
9.383914630389789124e-04
9.973362009246811155e-04
8.535686816291132573e-04
8.130346465421434132e-04
8.646070403646177738e-04
8.786952072754594667e-04
6.438353999401735805e-04
8.181091237485782486e-04
7.516795480388971384e-04
9.362057796363787432e-04
7.673434894160946484e-04
5.970557663634856738e-04
8.038072098167647894e-04
6.682644194461184739e-04
3.771902430059759226e-04
8.322147010479952201e-04
8.170726866854050030e-04
9.900455601061786126e-04
9.868149977256823746e-04
8.877425899469493231e-04
7.804823768268187578e-04
9.654485705627990910e-04
8.154588518487493332e-04
7.307612127198659380e-04
9.805001409595170969e-04
6.620711881311081015e-04
7.700980776469412703e-04
8.990730752328479625e-04
6.788666612375093834e-04
8.822162441199932204e-04
9.870202640057668120e-04
8.929190987154722592e-04
6.623340547600164996e-04
8.383098805022637379e-04
8.656164139183575301e-04
8.309112255776573974e-04
8.441478813262515146e-04
8.136915022455282198e-04
8.819503171265674624e-04
7.778610758526482982e-04
7.538297123785842047e-04
8.948397813839381598e-04
7.331000038486301662e-04
9.279825254853157901e-04
7.237782955730187595e-04
8.741985803248919495e-04
8.588717928919020750e-04
9.414635145923444526e-04
9.967193641403637727e-04
9.882333388779862560e-04
8.937217521868268122e-04
9.487721603089749323e-04
7.263257607307282981e-04
9.457290150725050637e-04
8.921484116826139399e-04
8.061702146214821951e-04
9.162995526802442114e-04
9.978655247425693986e-04
9.679748769600982072e-04
9.959179208495205771e-04
9.175216333670022095e-04
7.444656204498301122e-04
8.186666733215330893e-04
7.864810837798774656e-04
9.989950699093030906e-04
8.347451831843821779e-04
9.461167073622211987e-04
6.912743970196588705e-04
8.823958598078718296e-04
7.770048037866184032e-04
7.316087739542842527e-04
9.465974784986785906e-04
9.971852138975778601e-04
8.540082863069953234e-04
6.000921404076819954e-04
7.236316576265666711e-04
8.971379515962940587e-04
7.042721145970043395e-04
9.909891499203515863e-04
9.911946407177296692e-04
6.653017031872376918e-04
8.271300035572748399e-04
9.506468713615934263e-04
9.600595785629328915e-04
5.930365326799469372e-04
9.357344664568945092e-04
8.482246460153053391e-04
9.400351934621964389e-04
8.555169286144082008e-04
9.165509892238299372e-04
6.260139999265668109e-04
8.344435549346718162e-04
9.658845886537648084e-04
7.137616872521235223e-04
8.043739759625578856e-04
9.139106769795457552e-04
9.359183140544846680e-04
7.256751517196180501e-04
9.643463583290934338e-04
8.804924394537616550e-04
8.710481562974603520e-04
9.773030128672477446e-04
9.562113246542880418e-04
9.695761588391915708e-04
9.859797836594408338e-04
8.941433148824673438e-04
5.188935527413729432e-04
8.892643519096132820e-04
9.591802901641743873e-04
8.687402719287362629e-04
9.379173489111325424e-04
8.982042251314270587e-04
8.676164456916657386e-04
6.222667978449392123e-04
8.558035094065052917e-04
9.345894659613662725e-04
9.682391241773169455e-04
6.607805528474619550e-04
8.205580070494988831e-04
6.435891756448874901e-04
9.623567124906751147e-04
9.320404414502325707e-04
8.450150009279289165e-04
9.378470365283275711e-04
7.010040352679602904e-04
8.728017178299962708e-04
9.119107711923479798e-04
9.868258918761529941e-04
7.246773319529165036e-04
9.531041513860527559e-04
5.326484198234782141e-04
8.907365332003758240e-04
8.529008402547999523e-04
9.331598198598634042e-04
7.120683965908813917e-04
8.170952387421825946e-04
8.586892479013341628e-04
7.999447544404514332e-04
8.329663723203317716e-04
9.109303006484825715e-04
2.976273274214458198e-04
9.102150117379359529e-04
9.925864745558010682e-04
4.572396125590572069e-04
9.907250753400376198e-04
8.793192047122921906e-04
9.824098408879322619e-04
7.072428585039869375e-04
6.730114383940444256e-04
7.088462962763220077e-04
8.554536668211598638e-04
8.553179990196113636e-04
7.957414224226688759e-04
9.656547672928228465e-04
7.495523561177330762e-04
9.406403651301964430e-04
8.174182569267163245e-04
9.005618525449454737e-04
9.432586585402802370e-04
7.347156748084282540e-04
9.867606460330913265e-04
8.469157051055331564e-04
8.588272649362460598e-04
6.309409854614589364e-04
9.754361659729537948e-04
9.247847705470269020e-04
9.524669555674991628e-04
7.784574408133959622e-04
9.800790851461904651e-04
9.018676099555866799e-04
7.235162513823389929e-04
6.562740321595095239e-04
6.725236675189094626e-04
9.279292599694288768e-04
5.422123698799463654e-04
