8.855088103758568252e-04
9.412394863038686665e-04
9.477761692748831734e-04
9.658308391623515732e-04
7.952540116056283637e-04
8.337387645243055090e-04
7.557270833480345118e-04
7.972782227467778426e-04
7.395806999573872886e-04
8.511420193575425230e-04
8.953406247369510851e-04
9.773942821312830986e-04
8.682742084564765150e-04
7.959070426603043202e-04
9.869845442188607265e-04
9.316957650488122411e-04
7.931710590542984107e-04
9.704853989679351756e-04
9.764585756107946324e-04
9.793772194020000654e-04
9.112405814637458690e-04
9.879471089963010044e-04
8.913222949241683679e-04
9.849267911572479051e-04
8.206418771689039104e-04
9.843082614333642510e-04
9.524744370121851489e-04
7.607069069494043489e-04
9.636750729806742299e-04
8.193302958947601411e-04
8.495684870558628532e-04
7.503069010137419781e-04
8.606441122259722576e-04
8.415825183856195935e-04
9.347162367980832443e-04
7.984599726418295518e-04
7.928855118940481006e-04
7.622789796372098081e-04
6.799410804140260112e-04
8.726109820290650632e-04
9.986913336442748701e-04
9.806722292136083041e-04
9.027144308094703362e-04
9.470806081061100556e-04
9.961447603969997289e-04
8.590912681971651921e-04
9.082567741127700600e-04
9.019453821550449391e-04
9.693657849355608036e-04
8.013310885255364724e-04
7.645465771447534920e-04
9.742226609527060432e-04
9.302425276601633541e-04
9.431747711116100774e-04
9.411675001207431279e-04
9.185877451205470834e-04
9.387325052659933888e-04
9.982287212674245680e-04
8.610137440614451521e-04
8.479416194110411809e-04
9.714530619465699957e-04
8.173975322629534190e-04
9.570931119744496840e-04
9.768337288118544848e-04
8.617505829557892127e-04
9.746982932776759867e-04
9.826082168366001568e-04
7.850912172313595505e-04
9.756476711283434966e-04
9.392412144192396894e-04
8.457466617123321484e-04
7.592943022582954171e-04
8.722388356713350888e-04
8.811949871131430356e-04
8.381131179318046520e-04
9.383442971038213898e-04
8.291667724270590512e-04
9.840087704614530750e-04
9.470989042311694917e-04
8.884083541941256712e-04
9.704273792813244981e-04
8.639364753852962764e-04
8.766869301247703916e-04
9.585861594366695826e-04
9.274854801279985850e-04
8.364540200062053898e-04
9.826930088825402976e-04
9.531681445228423755e-04
9.424559692282619139e-04
9.370295888964097486e-04
7.978254132899875728e-04
8.501744357690688147e-04
8.564893945554041821e-04
1.732723387777634905e-03
8.852539325161501438e-04
9.965772793935068208e-04
9.499854174754851499e-04
9.805393181300248173e-04
8.955402780768118021e-04
9.230704523466304323e-04
9.912640503408898240e-04
9.123557665101644787e-04
9.761005277458822960e-04
9.675772131004789500e-04
9.696046013776271622e-04
8.479140395585282874e-04
9.893955811625110286e-04
7.892481369324855223e-04
9.698236909007063034e-04
7.181158178405366854e-04
9.866363111417086884e-04
9.495841790340131539e-04
9.442221826182484179e-04
8.718338637828670912e-04
9.424537203529537166e-04
8.752226101763627142e-04
9.620663116837180340e-04
9.418389938161686459e-04
9.155564733155374668e-04
7.158344354802892440e-04
9.370027055339846811e-04
8.220722920956324842e-04
8.047247485488684404e-04
9.705585694320673085e-04
9.920416749769067621e-04
8.653958062262434581e-04
9.904694929872004394e-04
8.421175350097342971e-04
9.955980181527435136e-04
9.868223111838547723e-04
7.523753285377798861e-04
8.105982669098787952e-04
9.050519431647030544e-04
8.744218479129761690e-04
9.855020338547237913e-04
6.389869448208962410e-04
9.071589110209998807e-04
9.699711214229411738e-04
9.757921986970341521e-04
7.206587224054539220e-04
9.556089038971204985e-04
9.721717129926865653e-04
7.797503944870776138e-04
8.580088307544864179e-04
9.166927514270284405e-04
1.573092192119762700e-03
1.765579155140528655e-03
9.199388743164060855e-04
9.040968214025779659e-04
9.510797198167830757e-04
7.716080515479672997e-04
9.194552359020891075e-04
9.475488120167518957e-04
8.320307437601481837e-04
6.901717064405898938e-04
8.681257994048729998e-04
9.542561743891564419e-04
8.223414033915465993e-04
9.691697501165164041e-04
8.782151813380156824e-04
8.858481518790872755e-04
9.969390007759093564e-04
7.659561099381262395e-04
7.954861466437090911e-04
8.812797208381795144e-04
7.779496990875101048e-04
8.282946710516103650e-04
9.171845200055539493e-04
8.548328233112245655e-04
9.167056471677259566e-04
8.614465095271306438e-04
8.724326559823580851e-04
7.063379844364225946e-04
9.261321385706233755e-04
9.791858894511173972e-04
6.681077688038827844e-04
9.049113890086113443e-04
7.926592844784696723e-04
8.074128333490637743e-04
9.503060791682393926e-04
9.717167887682842675e-04
6.722407666179819330e-04
8.849022598163003295e-04
8.626099794631914008e-04
9.818274689967765312e-04
9.021425421538165068e-04
7.546732386959353889e-04
9.940017761309594135e-04
9.532389979060029717e-04
9.526387109937139996e-04
8.766049711300683001e-04
9.694282807055643048e-04
8.000267355054990759e-04
6.806922104600765522e-04
9.133371719818317302e-04
8.538928882493301842e-04
8.301925047545788416e-04
8.263798362445617940e-04
9.851226609509655674e-04
9.407540196468833216e-04
8.384628679697359033e-04
8.947293405714429326e-04
8.610328720973781103e-04
8.734107978097815916e-04
7.467544387265157013e-04
9.797949379767301181e-04
7.350326177321120369e-04
8.555005220397537968e-04
7.776558822751855615e-04
9.765508898641472868e-04
9.093414009953004751e-04
9.523147132359799372e-04
9.650884144895011119e-04
8.142640379372734216e-04
6.588128052087416364e-04
9.095910094999437590e-04
9.042476916835129330e-04
7.555079471969206040e-04
9.202213916288393136e-04
9.680655267079174564e-04
7.889998547369048154e-04
9.936409258505252140e-04
9.947661369515969909e-04
9.253171293209794257e-04
7.407961870505852531e-04
9.393761196777594691e-04
7.813360145602077367e-04
9.812845694038285771e-04
7.928633613599744834e-04
9.693840191618008362e-04
9.831517633470676643e-04
9.889014562611819770e-04
9.567656730090634554e-04
8.986662685297464037e-04
8.641648807877766458e-04
9.686952401356530018e-04
7.458049169237757070e-04
9.451445520153312074e-04
9.717538553295490544e-04
7.120043512677254327e-04
9.384147330551151356e-04
9.616167530088759463e-04
9.061116537433244744e-04
9.630236980364692556e-04
8.431340329234648934e-04
8.544472608809083880e-04
9.904787676167092769e-04
9.511117542932989721e-04
1.038319581595059660e-03
1.018545095325618099e-03
9.932555367587747597e-04
7.984281311030905215e-04
9.457390548550659304e-04
9.330573493470106783e-04
9.046155821904600103e-04
9.620177671179064305e-04
9.914118738376664908e-04
9.780828735868052348e-04
9.947820266782425591e-04
9.135566797291438945e-04
9.275152281009724220e-04
7.701710287461027704e-04
9.973899267444741312e-04
8.643322266523867370e-04
9.311837150230983795e-04
9.221012734931255395e-04
6.672244145072836474e-04
8.996513706630571150e-04
9.450270296241791712e-04
9.458390327383714435e-04
9.578016781571774274e-04
9.960639971643425739e-04
9.450147916019169259e-04
9.466101021509132352e-04
8.405115697077691905e-04
9.333415542100986784e-04
8.232613913917719017e-04
9.975849919715562564e-04
8.372874429297683108e-04
9.981791109490156799e-04
9.592871968112648418e-04
9.605523509399471749e-04
9.854828762763112593e-04
9.132347068406820867e-04
9.607210999297288723e-04
9.752097697777184493e-04
8.006917654287404318e-04
9.800045997480077986e-04
8.162397934826648438e-04
8.267524022557148911e-04
8.280318894924310058e-04
9.713814766100226095e-04
9.940088356488185894e-04
9.406343821013463113e-04
9.514095235630959380e-04
9.071950650099136482e-04
7.768554617179068700e-04
9.812308920181811445e-04
9.012002736858981677e-04
8.710495133729123651e-04
8.971365434876643619e-04
9.227486939613616101e-04
9.021130418265244089e-04
9.630985496710264826e-04
9.627844888241421373e-04
8.486225304756844778e-04
8.002096454198248665e-04
7.747709252632350996e-04
8.445091043597363623e-04
8.102563080755187386e-04
9.306485525210073106e-04
9.007961191477287244e-04
9.259892814081904788e-04
9.406020892741562278e-04
8.991097377225587550e-04
8.035510975626936059e-04
9.398043254082999454e-04
9.372310724872212617e-04
7.119791479969217463e-04
9.705789596297087485e-04
8.717854336647290481e-04
9.058588703447778556e-04
9.791435187340713497e-04
9.903412071703421304e-04
7.219187359707168739e-04
9.186690223895732643e-04
9.190351877872426911e-04
9.580056798841329879e-04
7.927981290662966529e-04
8.677907806630136278e-04
6.865634634970474437e-04
9.826177248269951647e-04
9.802024637488582215e-04
9.835989499406005976e-04
9.740587045307114167e-04
9.693999730345792543e-04
8.421666692391971409e-04
9.554321501616946932e-04
7.771914090620724025e-04
9.508584247110984933e-04
9.273832921484759240e-04
8.291144900559599407e-04
8.804085538992589832e-04
9.972998710983116410e-04
9.883969935972070076e-04
8.515016014963849855e-04
9.206025298486020247e-04
9.037868266731363676e-04
9.836821803996809166e-04
9.085463494770129600e-04
9.575035192801450989e-04
7.995132346994004990e-04
8.897654206231342400e-04
7.909544387991740422e-04
8.953261198403339449e-04
9.797360904039154050e-04
9.735862469950617992e-04
8.290623735791591287e-04
8.398200095287577938e-04
9.594624790594252772e-04
9.161915524700248170e-04
9.841931708280959867e-04
9.589308093472803662e-04
6.181118858283873863e-04
9.792962609908029137e-04
1.751677156197395391e-03
1.534809516235857707e-03
9.554907740545459660e-04
8.914561545775301354e-04
9.597621516386212193e-04
9.735168875486532869e-04
9.022173259990440286e-04
9.904307337461615290e-04
9.531998344975978199e-04
8.782246370238055988e-04
9.885185941356233741e-04
9.190365311511072832e-04
9.870092508585948110e-04
9.825389231987724514e-04
9.936791040776604689e-04
8.176023024285550278e-04
8.857271914307629501e-04
9.872944226401170198e-04
7.955015406334586814e-04
9.327038346834681803e-04
9.869439883317676632e-04
8.745681767866608780e-04
8.249131742302795445e-04
9.300296132577212660e-04
8.004917804801392478e-04
8.565482399096602251e-04
9.076087517120301484e-04
9.169524771477366443e-04
9.933302910878349934e-04
7.995302629381084714e-04
9.345629269889021984e-04
9.996704414380053194e-04
9.114655488614564760e-04
1.360086951191941118e-03
9.749155765768069415e-04
8.829975148137991781e-04
9.406835230694188255e-04
8.740142154588514956e-04
9.185763961614412665e-04
9.616191926867800888e-04
9.328557903188761102e-04
8.647248941507923448e-04
9.638852618478743750e-04
9.122177034703859988e-04
7.806956391317454447e-04
9.679912423101733054e-04
9.366214914003911929e-04
9.154550729951749233e-04
9.128748368828487614e-04
9.304502001660219790e-04
7.707147768194477777e-04
9.300351977915566337e-04
9.024004964569565246e-04
9.650358819202065064e-04
7.766534884217080048e-04
8.276198374622678600e-04
9.997968300698989452e-04
8.535163565764891658e-04
7.471854961890178615e-04
9.833948649496937477e-04
7.834692504343765407e-04
9.150037364533680773e-04
9.576334500873695532e-04
1.232728332877019994e-03
8.845603256616429988e-04
9.888318949855534612e-04
8.933133352126976234e-04
9.586589275961676648e-04
9.964025089296280058e-04
8.343706125590877321e-04
8.088608008768316537e-04
7.829642624843646814e-04
9.799403745345269812e-04
1.248634899799649922e-03
6.896280867674242643e-04
9.267719114574024530e-04
9.118737063580351077e-04
9.830686200209548531e-04
9.667144156557672119e-04
8.581064312928043947e-04
8.846712577416093737e-04
8.412851600330117918e-04
8.882226035962226263e-04
8.022261148052933777e-04
9.885071354605035054e-04
8.247912585050976020e-04
7.880393228477666767e-04
8.302421233402634826e-04
8.442629612259722194e-04
9.044552064862987351e-04
9.098403685895428694e-04
9.657364462146711404e-04
9.597462398285294682e-04
9.848977008060089133e-04
8.396091439434316683e-04
9.788572368992776163e-04
9.748521496423245836e-04
8.666423001787437741e-04
9.763876115165270875e-04
9.430793774523049677e-04
8.866541492630330978e-04
9.080597159180081590e-04
9.311886872165331397e-04
8.584082176409379983e-04
9.789623927856094809e-04
8.367936716016100007e-04
9.643403202459488455e-04
8.683226795054288516e-04
9.582798300018513515e-04
9.692539106924691339e-04
7.961491489100191998e-04
9.818980739614291409e-04
9.021512245763751991e-04
9.575077936444520432e-04
9.776531297641666285e-04
8.553175705121596195e-04
9.990353888750247435e-04
9.195531960562997043e-04
9.660512557475575690e-04
5.619585908996915791e-04
8.554349393913307509e-04
9.246804808893394068e-04
6.999500931088586952e-04
9.703634659891102743e-04
9.983955159669211099e-04
9.739630749876493354e-04
9.622170658762918549e-04
6.910736025939057114e-04
9.300351061457545754e-04
1.101105160704163310e-03
9.579416965244114124e-04
9.381593066332127862e-04
9.456389436029999374e-04
1.645205514011927050e-03
9.595358305496404228e-04
1.005634962669144095e-03
9.668068678276853234e-04
9.906664190647562762e-04
9.886272886105995639e-04
9.834717974677165131e-04
9.324936870780398124e-04
8.980487764962408193e-04
9.907532935575780186e-04
9.083973561009317521e-04
9.724478199869546202e-04
9.746117681510568787e-04
8.901440863150478222e-04
9.534562316694250583e-04
7.372382781883901615e-04
8.786773357940536044e-04
9.596655438237622349e-04
7.825998606496575860e-04
8.796014562533205350e-04
2.766293905236305584e-03
9.711138553180065358e-04
9.614606112255952297e-04
9.560555834612349813e-04
1.008285215963744541e-03
9.575011569704638958e-04
8.681635012633970305e-04
7.331327829838141241e-04
9.454579513876737451e-04
9.328714281078287485e-04
8.216511633918344160e-04
9.706487686544917892e-04
9.960360930792999667e-04
9.834036268064894060e-04
9.655993732208267843e-04
2.073273362521499408e-03
9.160983329933314323e-04
9.827045542677437240e-04
8.829047400796818934e-04
8.929480721193705506e-04
9.825176104140131983e-04
6.436290735528649165e-04
9.569645713527474840e-04
9.264580702333935491e-04
9.342595153452037948e-04
9.503381238590291602e-04
8.710193250648368135e-04
9.735703485996838324e-04
9.936169727137178498e-04
9.308629452693395478e-04
8.984014529646033864e-04
9.846299009008685488e-04
8.868546679340338912e-04
9.239894992867370149e-04
9.920968994944212582e-04
9.025608115001970688e-04
9.829519226530747389e-04
9.628817030113978603e-04
9.692515385835154262e-04
9.639891499831909627e-04
9.853652847142679860e-04
6.902863527779024011e-04
8.508146246153369674e-04
9.336021262484894834e-04
8.757677503717919976e-04
8.990630851879455321e-04
9.081217581933254124e-04
9.888262545713066842e-04
9.574006077164298745e-04
9.400715353548028119e-04
9.578765989420867655e-04
9.648549098041359073e-04
9.153283287772762122e-04
8.756817988043730239e-04
8.496819345866768458e-04
9.790696093231465724e-04
8.991088708046879319e-04
9.977860367579305390e-04
7.372172941189081286e-04
7.951480700465474172e-04
7.193917670205163262e-04
9.972399702020684487e-04
9.468922660338385811e-04
8.363204957959613495e-04
9.745122545662399105e-04
9.692222298977037909e-04
9.413998116986066478e-04
8.845223824409664815e-04
8.830162851387601819e-04
9.657492273492662704e-04
9.044644857677530680e-04
9.999845330622703088e-04
8.753101674831009760e-04
7.263284934510005897e-04
8.401577528102111003e-04
7.351121519045822339e-04
8.602567411624129079e-04
8.535187213766226577e-04
9.370431173005844272e-04
9.696787428827846611e-04
8.731385783055101157e-04
9.836585514767515193e-04
9.687216378261309657e-04
9.661173321268146097e-04
8.717525606604104027e-04
8.222030364685162240e-04
8.665000274229450739e-04
9.534129523104395432e-04
9.876285100305359776e-04
9.229975324035466500e-04
8.661305468846691724e-04
8.919165525669292549e-04
8.214890217767001346e-04
8.466187264619673414e-04
9.368991035285656466e-04
9.325233135504262805e-04
9.295714082787620569e-04
9.933268244817217152e-04
9.685579364807628266e-04
9.274223286066529681e-04
7.834710597748317795e-04
8.084420976620654287e-04
7.634414324722005318e-04
8.606645768427512166e-04
9.186835879396726412e-04
7.891115602804976703e-04
9.226648333306997074e-04
9.959453505871129764e-04
9.257593495241023263e-04
9.655600019597976313e-04
5.887568867907200243e-04
8.941667987982793164e-04
8.481357316411086700e-04
9.911811025066219472e-04
9.297996114244755361e-04
9.246252826877743303e-04
9.976328533958245259e-04
9.678343400867372992e-04
9.032268055281233998e-04
9.831392200438937579e-04
7.399192043163749233e-04
8.030949248605256940e-04
7.700809383193174540e-04
8.737224781201202717e-04
9.555957765888800637e-04
9.370012404489314051e-04
6.412716883478219998e-04
9.797394268741266288e-04
9.950222973972300267e-04
7.902939436227329750e-04
9.548326052302158473e-04
9.500298325505474040e-04
7.896334356520817721e-04
8.811253445919486893e-04
2.828976673158623001e-03
9.589094361933669930e-04
7.437317800084164432e-04
7.614645114280005345e-04
9.439563552350316300e-04
9.528095913774459191e-04
9.955704690158828640e-04
8.022297382853649239e-04
9.150988360467904315e-04
2.532523551062260125e-03
9.198114711731486537e-04
7.515551704130318811e-04
9.623784288221859384e-04
9.796086576837614857e-04
8.472951560485331157e-04
9.866146926024166319e-04
9.808792213434891494e-04
9.684473718055697233e-04
9.519623727721748807e-04
8.837280421164495081e-04
9.673605013814645659e-04
7.740663635458222558e-04
7.625891524061234605e-04
8.958667289925559274e-04
9.115660954740478772e-04
1.092227251670574439e-03
1.217837202801774765e-03
9.867175698090591140e-04
9.280068394649232388e-04
7.914463295599638570e-04
9.604267498274365877e-04
9.155374300339191862e-04
9.845389185385577946e-04
9.771225219894486003e-04
9.319470371615956594e-04
8.979939001034775714e-04
7.573596501058155184e-04
9.886691942666558930e-04
7.422748810615997783e-04
2.994821345445042304e-03
9.363642569226726664e-04
9.543862471890207644e-04
8.986007964368880607e-04
9.456213202917451710e-04
8.689163150152889870e-04
8.946879436059207436e-04
9.485155665914790646e-04
9.572665179773398592e-04
8.904888266220156723e-04
9.649103175899398366e-04
5.817115009016937677e-04
8.530397958141922032e-04
9.955117175741712288e-04
9.546751244047246843e-04
9.549014819825174527e-04
8.802689854873202435e-04
8.426512323609358646e-04
1.040711912486003143e-03
8.210304146789582092e-04
9.722373567265796268e-04
9.527138924260158959e-04
9.171867945702016911e-04
9.374420958991880326e-04
9.925469413251120088e-04
9.770997348358401169e-04
9.825439907069632994e-04
9.089714487422462241e-04
9.890632365677776150e-04
8.841302727323752109e-04
9.470019249612215972e-04
1.495058810613514311e-03
8.921966865855779361e-04
9.930591764467644467e-04
9.410728801632073370e-04
8.802525527492610635e-04
8.575530328673863778e-04
9.053855510122721384e-04
8.298705498153147175e-04
7.499058683899662014e-04
9.002665796234987639e-04
9.260967529385322194e-04
7.575194088793590907e-04
8.255825869780686332e-04
9.838918320276279772e-04
7.621710873871867520e-04
9.607147493055911980e-04
9.699464185044526232e-04
9.241717611535582577e-04
8.723549714763079166e-04
9.483748016071436027e-04
9.966129820047076038e-04
9.616071607621012873e-04
9.938714191722874958e-04
9.415086842932129940e-04
8.973340920774841578e-04
8.298590650008819125e-04
8.419701536687140830e-04
7.816968566735083002e-04
9.080836670634084840e-04
9.451351719432787846e-04
8.629386865753874147e-04
9.430610886435042417e-04
9.443070119682372976e-04
9.606801602576320320e-04
8.919994040771372923e-04
9.275878997763165046e-04
8.554373347068322531e-04
8.167944995270959296e-04
9.955395883018969272e-04
8.350802091373621394e-04
9.808439167635629730e-04
8.495063862533624999e-04
9.109002932530252394e-04
8.142174499050636172e-04
8.761445292271297092e-04
1.143895066039402053e-03
1.651134094504680405e-03
9.990647925856022127e-04
9.723086174794337566e-04
6.947504544184690545e-04
8.116804306309566286e-04
9.647797321545859006e-04
9.784404754388242864e-04
9.257084304766793892e-04
1.040630416421328697e-03
8.593492192180418598e-04
9.127681569958134844e-04
9.658737398908767702e-04
8.320808932038570305e-04
8.215323642799532422e-04
9.750935780705738409e-04
9.522228486794626079e-04
9.411514519778174659e-04
8.706248954258866135e-04
9.157758144932026667e-04
9.605715094328504122e-04
9.905102709161228702e-04
8.315043579057990186e-04
9.883892714710462712e-04
9.371388166915517459e-04
9.465167761533166413e-04
9.155607980912972010e-04
9.747781130197141763e-04
9.182490659813691281e-04
6.931885953178618109e-04
9.305018294560873926e-04
9.880014448875318323e-04
8.982294376851385209e-04
8.396445649975214920e-04
9.087953009625504563e-04
8.790373142075758039e-04
5.811424441872770075e-04
9.137262876759422170e-04
9.420573730866133033e-04
9.011223216872643604e-04
9.549221743643254712e-04
9.709442739332940775e-04
9.261536173043039000e-04
8.685689612660807413e-04
9.630857548215132624e-04
6.730043055965806431e-04
7.891628951701701311e-04
9.500150709078614142e-04
9.031709299222034915e-04
7.904964207362530360e-04
9.562632294094486340e-04
9.090218339804501113e-04
9.409766067045577387e-04
8.225523476560470115e-04
1.454238358449044810e-03
9.109940389688819806e-04
9.657556709484760304e-04
9.817619074506955812e-04
9.908339408860600273e-04
8.444258746113098013e-04
9.240869272406637691e-04
8.456345007055166008e-04
9.469436400080244454e-04
9.239750695818615966e-04
9.909890595628523258e-04
8.674814487257265228e-04
9.753451819851655102e-04
9.199448763590467593e-04
9.013073866300791437e-04
8.754397503138999781e-04
9.959873267654240081e-04
8.884685239373135701e-04
9.061869532880351130e-04
9.856208981513514544e-04
9.035510401659285762e-04
9.920208113165518427e-04
9.868531067396268952e-04
9.903243612152667907e-04
9.984150346706854862e-04
9.201272030259222134e-04
7.467130231639806937e-04
9.308959637270852738e-04
8.860169980473564522e-04
9.457279453429778826e-04
9.522870171420061425e-04
6.829679080229134058e-04
8.999425447120401600e-04
1.445257696669699499e-03
9.246269315853483661e-04
8.762965652986398624e-04
8.583935145598520222e-04
9.494492477020166632e-04
8.009828625002990421e-04
7.433234815674705231e-04
1.168446414486767893e-03
9.921018452540009136e-04
9.054037415843207981e-04
7.696077911762966295e-04
9.069360498696887873e-04
7.891879209118712879e-04
7.560204079648524811e-04
8.536782101368212139e-04
9.680174416052400588e-04
9.388515441476341650e-04
9.316561662118250098e-04
9.696497087147148974e-04
9.303243094688218306e-04
9.556824771020933085e-04
9.683122099105601066e-04
1.453637663526019530e-03
8.459250769249360147e-04
9.263496079863209332e-04
7.047719050171652455e-04
9.437442644010252124e-04
7.872997657466518362e-04
9.809523847499335147e-04
7.822552186753650716e-04
8.350598563895417215e-04
8.176749367412305958e-04
1.048687708753326397e-03
9.201660696033231446e-04
9.712833000650178406e-04
8.937233335915006904e-04
9.734945468983235983e-04
9.372815696527814211e-04
9.458408001206120019e-04
9.822898588157658040e-04
9.364422085187396050e-04
9.156613199844398920e-04
9.781929833213576231e-04
9.778292153003187437e-04
9.978464634261552391e-04
7.702188338467585993e-04
9.944854473064035361e-04
8.988681118016206284e-04
9.802249122631279121e-04
1.196614118051275710e-03
9.566228479179761379e-04
8.970383590483077541e-04
9.417633916806167349e-04
9.789463516064467186e-04
9.417995892336827879e-04
9.967755316520054976e-04
9.981137971133424713e-04
8.608827600266044655e-04
8.311793516938559279e-04
8.336653938734173153e-04
8.443257875139220658e-04
7.656676347795876580e-04
8.821695304841448149e-04
9.136973075829502022e-04
9.655926164126027444e-04
9.931944748746701634e-04
9.953135960630854484e-04
9.108654982137309730e-04
9.630510917126855475e-04
8.074310551460239793e-04
1.041768388765018649e-03
9.661283411435128698e-04
6.849114853438864614e-04
9.266839470770671383e-04
9.918663548280637343e-04
9.678739652787538006e-04
8.986214526172098260e-04
9.459703552228138079e-04
1.289263418050579091e-03
8.621613509467440650e-04
9.393363676517552108e-04
8.715106335963618278e-04
7.176729473693521655e-04
9.921380841958482577e-04
9.638504633228128782e-04
9.255605735098981768e-04
8.724879839854260410e-04
9.973000523887387558e-04
9.891822169358910344e-04
7.822718739820544442e-04
8.937355448009887127e-04
9.625099155143868046e-04
9.443659349023247884e-04
8.847896972427049533e-04
9.078422330265345508e-04
9.072811284870363480e-04
9.257393738727470733e-04
8.380339188153174135e-04
9.871878615768103771e-04
9.154190299487385829e-04
9.197061582739696206e-04
9.886840040184141642e-04
8.507872520699955032e-04
9.701175548803009363e-04
9.380124301329173520e-04
9.399520280195527988e-04
8.902672836507141696e-04
8.436063942047766773e-04
9.152049476921497728e-04
8.796745243648818047e-04
9.957448169564120377e-04
7.900290709694779423e-04
9.678068003995399238e-04
9.216312522365432969e-04
9.562558280489241724e-04
8.188113130841445653e-04
9.299476764182967869e-04
7.043958015704454567e-04
9.842094223728725666e-04
9.428714336560117815e-04
9.629376156918834084e-04
9.583406494140245258e-04
9.830042189807874919e-04
9.962836023790222484e-04
8.998683591104894575e-04
7.752978099341278906e-04
8.244992735393363859e-04
9.797960110297099234e-04
8.501328397604313025e-04
9.854953996737414457e-04
9.161031313736911486e-04
9.357009723552911495e-04
1.127785483257870425e-03
8.924995499941523747e-04
9.980463879362133639e-04
9.713005003064711929e-04
8.979218948335088157e-04
9.948143674043397056e-04
7.997849023047010064e-04
9.591667762163247346e-04
9.625663167809328513e-04
9.446480273475055256e-04
8.842220623498375787e-04
8.340117067517915928e-04
9.943557705371919297e-04
9.487031038191151566e-04
7.763941720122513601e-04
9.851081982718001839e-04
7.916771476691453202e-04
9.871915392553054502e-04
9.841015766307581458e-04
9.895072046458563975e-04
9.287834798727967467e-04
9.434671143944139970e-04
9.191666083294691703e-04
9.589760874998409790e-04
9.177860110221036649e-04
8.820447422769328583e-04
9.818039105561338076e-04
9.025565942540891839e-04
9.620959727174582810e-04
8.665943060264247322e-04
9.956518920837265085e-04
7.124563860704258289e-04
8.817724191398923494e-04
9.942215903459006299e-04
9.510905411796999331e-04
9.213753917979294883e-04
9.047029685729235382e-04
9.724827578020400765e-04
