9.756206069125861191e-04
7.304133310767069176e-04
8.234995641137610178e-04
8.789022799200463254e-04
7.234421108583966031e-04
3.109622424738445190e-04
8.006497099797282857e-04
6.236984671825762661e-04
6.298407782974191349e-04
7.644253448784166238e-04
8.969741289650556837e-04
5.886622495958615531e-04
8.726582786576786432e-04
9.624701751661524085e-04
7.618054854555689204e-04
9.741142031516325517e-04
5.761226045826184361e-04
4.884846246914209544e-04
4.687836958074953486e-04
5.735882822351934252e-04
3.350258569351227678e-04
9.953052327603684191e-04
8.963211480166322076e-04
7.216407862986606858e-04
9.694843321158552740e-04
4.759880841322949863e-04
6.949884781463078198e-04
7.310490282611548096e-04
6.579320500855745379e-04
8.759258951966941709e-04
8.949024372015834672e-04
9.996265976882634519e-04
9.107649059652001000e-04
5.573095966632246601e-04
9.608293250483734838e-04
5.426007721516246107e-04
8.668990457505465486e-04
7.825324253640797423e-04
8.296781123197094487e-04
9.409603580876613194e-04
9.877485769771432444e-04
8.801103740804228082e-04
8.618738120212965370e-04
9.711600624575655871e-04
6.769580629806259964e-04
8.948764398966080336e-04
9.922770626982213571e-04
9.694471526954240304e-04
9.419325468287276237e-04
8.682396240363710049e-04
5.340338460737559245e-04
9.262115221088107475e-04
9.322073983297762823e-04
9.797593077862654098e-04
9.579615141183106530e-04
7.906363523733084264e-04
9.487912717869306789e-04
9.626827615788480230e-04
8.300965541901961231e-04
9.034365877543804046e-04
8.162208695019490534e-04
9.899367426979832629e-04
8.236019354409540583e-04
9.927738750075132401e-04
6.280963905825887039e-04
4.809254145837771333e-04
9.107007086575080734e-04
8.447825773919559467e-04
7.381447296421761450e-04
8.809377814467111989e-04
9.919140795661141041e-04
9.489387149482775285e-04
9.452289047242601328e-04
9.795868887354508558e-04
9.982333413770527741e-04
9.875403616125266737e-04
9.249516279197234070e-04
9.854604735928251813e-04
8.746156426343576484e-04
9.647386377822364523e-04
9.703738729340827263e-04
3.810719024449626957e-04
5.399101938223793695e-04
7.766383351294203763e-04
6.901773832695967670e-04
9.426246823934780750e-04
9.914053152046964357e-04
9.382519929044264018e-04
9.547494242181375768e-04
9.537089625750727606e-04
8.810153425156119766e-04
9.794371010055646920e-04
9.222714097065765060e-04
9.454047397237097528e-04
9.759423257270638530e-04
8.919297739028442251e-04
4.849722101673004104e-04
9.704336176133976366e-04
8.197715375615199918e-04
8.642842151369567461e-04
9.022009467418712347e-04
9.535811069697475162e-04
9.922780855811108580e-04
9.173601202844272606e-04
1.680575346322599195e-03
8.089349735117545848e-04
9.880039502261350748e-04
8.232586817586984296e-04
8.975860563422699556e-04
9.132096575271697603e-04
8.497709468822112200e-04
8.429666757403531108e-04
8.247495166470164563e-04
5.538502176126725018e-04
5.051498280366217841e-04
9.021935650731505163e-04
8.875070155272002381e-04
1.465922384423890001e-03
9.041034816968940291e-04
9.586057958467231188e-04
9.781437156817229805e-04
9.915006164720185922e-04
9.860280245141961331e-04
9.616964971996821987e-04
8.054055242500135492e-04
7.072740967125623612e-04
9.783544735399996028e-04
9.197233381126324048e-04
9.910012817853086631e-04
8.722733722494879771e-04
9.842693666437529743e-04
9.671323146130950121e-04
9.908773243474389147e-04
8.115523637119981260e-04
8.899869808939309124e-04
9.078352552654989083e-04
9.957666159321476584e-04
8.917095601278512973e-04
9.694240492584826896e-04
9.704299580469699649e-04
9.991434106703112050e-04
3.921506353627979280e-04
8.127821130297085972e-04
9.747805369508810713e-04
9.561870130246896693e-04
7.894283640179633466e-04
8.675617061139062614e-04
9.886614398895154920e-04
9.321581533654477170e-04
8.442670715790301372e-04
9.831993078719403201e-04
3.645584425699954778e-04
9.337180592806637591e-04
8.661866910905091643e-04
9.901430124462651250e-04
9.959359943561008066e-04
9.040070641757047554e-04
4.296774654344304167e-04
7.271122179375311134e-04
6.146739076663410017e-04
8.344417538996840022e-04
7.538135480836816171e-04
8.706310016685092634e-04
9.866143362086132740e-04
9.939328840592454029e-04
8.599177830357351837e-04
8.940630576091956883e-04
7.373412112144928088e-04
9.624096172238250091e-04
9.050030226953609258e-04
7.612765082742889433e-04
9.828701297187603103e-04
9.556963666313977868e-04
7.853377636319880395e-04
8.704271835149324232e-04
5.569148281032720860e-04
8.825993562094902600e-04
9.992327165211367657e-04
9.687293515082684436e-04
8.376402355304568559e-04
7.791727499321110528e-04
9.580330737114506334e-04
8.929575050785620860e-04
8.279802442071604318e-04
8.837636699247086725e-04
8.720773704623541178e-04
8.618684570593782013e-04
9.678979372099716372e-04
3.577560306757820996e-04
6.747312307274766496e-04
9.547688884762317585e-04
8.142216221325160319e-04
9.409053861505478622e-04
7.660408473354474168e-04
9.814054818321205076e-04
8.225060334473566215e-04
9.924389590892923607e-04
9.984815038628358508e-04
8.303290205908808730e-04
9.984365688219254409e-04
8.414662035961528730e-04
8.569579749381217582e-04
9.977361944217832956e-04
9.651932592846801384e-04
9.864540081011563544e-04
9.119428259145578863e-04
9.776847285278833510e-04
9.041916926080251216e-04
9.267948630128364229e-04
9.134825390210155049e-04
9.845810142812272403e-04
9.532121448050379087e-04
9.494312440869734360e-04
4.287496995533102151e-04
9.951192029081790125e-04
8.011255595429256360e-04
8.952362660911150627e-04
7.487856191913389026e-04
7.732400678409634409e-04
9.997855947013745137e-04
9.681895315871713592e-04
8.571837476127885935e-04
8.257450016760925493e-04
9.997959437590964171e-04
9.851493975150393823e-04
9.956327370029827151e-04
9.098127291183866205e-04
9.667568696338779688e-04
9.403552320980113066e-04
8.268388850994901063e-04
9.166393820497775735e-04
9.997997536534963814e-04
9.686152646478651818e-04
6.931585902838488522e-04
7.132729923114977666e-04
7.557725433061657228e-04
9.124490158051168365e-04
9.788396934414800299e-04
9.700383104486176578e-04
9.736506247352005872e-04
9.235915026852836718e-04
8.132170711927511064e-04
8.918463136035059691e-04
7.009186404544065496e-04
8.954984144140532010e-04
9.351078369782550581e-04
9.041175713256910385e-04
4.842831274525227769e-04
9.469439583011940442e-04
6.156426249384061578e-04
8.808244158395872603e-04
9.929044874231740536e-04
5.366652182718922859e-04
9.915635096668928838e-04
9.658513883616937079e-04
1.790280730120108466e-03
