9.534731574074584159e-04
8.724828547339580354e-04
8.592145060838385362e-04
9.340471535889127708e-04
9.790907002780180335e-04
9.521818556151862012e-04
2.691915498008401464e-03
7.270086730560842980e-04
9.167005291739194206e-04
9.481497949118677937e-04
9.128495492283228430e-04
8.835338785949664597e-04
9.441734361366194150e-04
9.728606184273846935e-04
9.900539355018889154e-04
9.405116495605492233e-04
8.855274549148806074e-04
8.373106894278281587e-04
9.963489037654316149e-04
9.795110940065132610e-04
8.789497568990611853e-04
9.935490150962955624e-04
1.592169860807013393e-03
9.503641975168175549e-04
8.883160534104428407e-04
8.681125558124280772e-04
7.594984596790421705e-04
7.718823792733919831e-04
9.966228098778895372e-04
9.637927138897994794e-04
9.011504410603166093e-04
9.359117675370454137e-04
9.141377575011544465e-04
9.403091307546018740e-04
9.892680092392636126e-04
8.897000385277298307e-04
9.906557411732963558e-04
8.427394877941196683e-04
9.576705709514188314e-04
8.361064300835829854e-04
8.608721836361743485e-04
9.987845921959337403e-04
9.575229187573919276e-04
9.016235642982373122e-04
8.055487687145257425e-04
8.100201918685989710e-04
9.194089323451004603e-04
9.397715506825887744e-04
9.749986506539798370e-04
9.359247083150501467e-04
7.869875064738796056e-04
9.702985716674161765e-04
8.681411665137916955e-04
9.178571603609686491e-04
8.471072729411277535e-04
9.544338483193914868e-04
9.789925100518459544e-04
9.870766362708449648e-04
9.232673250880729654e-04
9.558318463822601530e-04
9.630126226874979878e-04
9.953090390323326986e-04
9.327054695441594490e-04
9.309385578144535600e-04
