2
1
67
0
1
0
9
0
0
15
7
0
66
33
18
40
2
0
0
0
0
4
7
11
80
0
1
10
0
31
34
2
19
0
3
0
11
4
70
9
52
49
20
56
0
40
83
29
16
71
0
8
26
10
19
9
0
76
24
42
41
45
32
23
2
0
2
17
14
7
9
13
4
24
18
20
20
5
24
0
62
0
0
5
11
17
29
43
62
48
12
76
31
38
70
0
0
9
10
30
23
52
31
32
99
10
54
39
25
24
0
0
67
0
0
8
71
99
36
54
25
83
43
34
31
71
1
0
2
0
18
46
40
29
34
36
61
24
77
30
48
0
0
73
12
0
29
41
43
74
40
0
2
23
68
35
31
0
11
14
22
0
26
36
48
40
26
68
9
75
36
71
8
17
71
0
66
32
76
38
29
42
16
20
7
31
30
29
0
0
3
18
43
0
89
35
48
74
25
32
0
24
39
21
26
25
15
37
31
20
38
42
43
27
27
67
3
0
68
38
63
25
29
13
66
40
28
30
75
40
32
38
28
0
0
28
28
23
55
28
44
15
45
37
37
79
25
0
7
0
3
23
29
77
23
99
