6.478555828820509177e-04
7.743854745958511643e-04
8.272676018653557506e-04
8.305163602678744539e-04
6.559718688221582994e-04
8.374135734552368149e-04
5.781997483051970477e-04
4.181411276503732566e-04
2.916769295100429815e-04
6.818019155956367428e-04
4.132264310097166771e-04
2.891553892042653118e-04
8.582219339741126163e-04
3.669590506903963600e-04
8.739240121556912655e-04
5.050868953903053793e-04
9.203252143684670372e-04
3.938436655707144851e-04
4.766038474014466786e-04
7.877774934607062463e-04
9.851780187621894669e-04
4.741782344708234120e-04
3.468794770192795696e-04
3.847360654061215968e-04
4.034779953346889769e-04
9.646576807085249783e-04
9.694630938713588719e-04
5.555667037697720190e-04
6.818407431951056807e-04
9.991143100025468016e-04
6.856070175205175588e-04
6.896056132569272634e-04
9.819335316894051147e-04
8.076314130746053976e-04
6.719068799223570920e-04
4.895799648164667062e-04
8.007102161752266412e-04
8.853716857767368609e-04
5.035616723672031725e-04
8.111118167297703963e-04
3.322486593756446283e-04
7.093247162764937386e-04
3.255886397204310612e-04
7.847296685306037745e-04
4.859126309828543100e-04
9.813309907801270882e-04
7.082923024638310139e-04
4.802316434314723992e-04
4.293344079431271609e-04
4.617818878027701857e-04
5.503150415938629081e-04
8.032509346260763294e-04
8.499954560102773726e-04
8.750156251944307684e-04
9.744502451835002077e-04
4.113661993605521872e-04
2.611399190614038801e-04
9.114171899365919316e-04
8.993472421519044246e-04
9.937651508027389724e-04
6.492964675330892277e-04
7.452902899097724188e-04
9.779702775422061123e-04
8.836140956869353857e-04
4.673442715094067168e-04
8.234160358858710893e-04
3.788490343106243330e-04
4.388433421380621979e-04
9.154013693717377720e-04
9.330233980157087714e-04
4.882233982177464071e-04
9.925625302429352814e-04
3.255968200002179458e-04
6.103002697847026425e-04
3.165549262200695324e-04
4.851161857224450813e-04
6.819463735370234758e-04
9.580266881143995050e-04
9.686385277256626125e-04
9.422009408468490221e-04
5.440821098861015059e-04
8.592606658878176873e-04
7.782467547219340531e-04
5.008447150012251825e-04
9.007270398394551236e-04
3.886262635105497409e-04
3.232327802427104047e-04
3.352595433363525501e-04
2.600749875979468939e-04
3.412025421501985178e-04
6.482769780551400629e-04
8.893787455722668156e-04
6.548973742416253074e-04
7.772318916822174018e-04
9.696698298869987909e-04
9.885566092289188589e-04
9.386137214577594534e-04
9.714851508236810318e-04
4.551165310272553555e-04
9.510901689300244044e-04
6.555926499353104120e-04
6.721265370237539116e-04
4.318997885238706758e-04
4.576646888253543821e-04
9.762736054501619520e-04
5.170652220394256204e-04
8.770386289213005782e-04
9.490061364283430834e-04
8.460515999176854152e-04
9.215188163174126146e-04
8.524811669073928400e-04
9.145477799192835988e-04
7.982778073958307630e-04
7.521679864734842624e-04
5.807266905756280906e-04
8.905388818613024782e-04
9.306921495155773272e-04
4.242032067386380945e-04
9.031699766784972994e-04
2.887022646841375106e-04
3.303021323155519440e-04
1.795601311800343325e-04
9.247272748832413569e-04
8.149860193567004529e-04
9.535920776949646793e-04
9.532698455342325516e-04
9.478048919899784153e-04
7.036177696642109680e-04
7.875141261455276265e-04
9.138100316303798820e-04
8.342850130362844396e-04
2.347353069642732493e-04
9.620607126228364336e-04
5.582709045437450612e-04
9.902429369560428185e-04
3.356116675362619262e-04
3.417103126015508252e-04
9.980175980424110804e-04
8.492287224223238340e-04
9.942692031755795412e-04
9.974052895072027525e-04
6.689433186444215806e-04
7.579608193003517513e-04
7.274615957646446418e-04
9.096459613846530345e-04
9.817583056617174009e-04
6.600856397791510233e-04
6.546862986684942598e-04
6.044008086872887375e-04
5.512460401592145232e-04
8.823090868910199447e-04
6.062233234908065427e-04
8.511507717955391072e-04
3.422899143585844683e-04
2.839073955359650014e-04
8.445007080920552411e-04
9.637731993320519663e-04
9.968278464655977444e-04
9.732694593863611132e-04
7.017813775679337951e-04
9.954065432437042560e-04
6.649976097463650149e-04
4.270220483451048210e-04
7.965021525132565117e-04
5.746091804876840570e-04
9.343325539394875534e-04
8.750114713497181285e-04
3.124944729080425532e-04
8.631118844538709922e-04
8.054517207103373266e-04
7.307599811875453710e-04
9.174942118621576270e-04
8.838679309873809231e-04
9.887843046173516726e-04
7.935002879904118345e-04
8.148029210397478295e-04
8.698707322287724253e-04
5.454965890947516272e-04
9.500872213367150820e-04
7.090524098105621675e-04
9.982910668044908675e-04
7.207560199271600965e-04
6.133856592254183226e-04
9.277502927813596756e-04
9.814092938762453144e-04
3.108021676562211510e-04
7.640522337015731580e-04
9.746746281314999649e-04
9.738100277051353615e-04
7.026571093839972804e-04
9.608015624855692494e-04
9.161566986888303177e-04
6.520206996338817618e-04
6.723058396238545953e-04
9.373219885199235435e-04
3.479583743211112079e-04
9.203925844614158081e-04
8.540206106997239033e-04
4.664664749920444109e-04
5.359031480348663834e-04
9.670931940919391678e-04
8.626402583431502791e-04
8.900882189561976077e-04
9.348706131391271157e-04
7.307162040456338659e-04
9.605712177566116949e-04
9.437751470088295846e-04
6.173612324172905730e-04
7.441828041984122066e-04
7.926860661238155359e-04
5.312110150406113007e-04
9.568738087016859239e-04
8.715447336028470104e-04
8.103810610552431015e-04
6.166498037624146278e-04
8.760792331788946896e-04
9.316367024073679559e-04
9.799929023663889183e-04
9.471728406923451971e-04
8.524712638076081817e-04
9.543153941941051599e-04
9.541567529471883802e-04
9.115497863203536610e-04
9.804944982200192172e-04
8.145766593785630505e-04
7.687077183960999704e-04
4.165047842727975791e-04
9.306193045478527992e-04
7.299468588460866769e-04
8.130877358788479725e-04
6.189077342581006391e-04
8.496143690714941243e-04
9.767300405428835930e-04
7.068666808894841225e-04
8.828766045053670908e-04
9.399765353941269552e-04
9.307603537540565242e-04
9.583345169593693313e-04
8.077489683321337210e-04
8.805822447673916642e-04
6.508538631168070410e-04
8.010037020282911868e-04
5.118297096153856529e-04
6.012039810503466697e-04
9.934988194839622366e-04
7.013277684940755208e-04
8.772632951444814253e-04
9.621319912764825233e-04
9.987881847328683449e-04
8.817436206944861965e-04
8.142750109366714284e-04
8.399282586639689185e-04
8.710654128185613132e-04
7.592803143886550643e-04
9.793071494929028731e-04
4.124481114022859884e-04
7.866746523782497391e-04
8.658019851016662827e-04
7.940219114249691401e-04
2.918611979016993985e-04
8.813069304356435651e-04
7.405863751999142153e-04
9.422559454560497372e-04
8.088162494457318274e-04
9.681553865159564509e-04
9.126516167726750339e-04
8.230594545820535402e-04
9.727298912574067202e-04
9.491174735100083026e-04
8.672390581770939022e-04
8.448241923213473115e-04
9.525903436413685199e-04
7.130590532442582230e-04
9.909169834311226666e-04
9.130236804892888358e-04
5.811662731808331372e-04
8.962437872960249408e-04
9.751832570826790558e-04
9.439300453498722376e-04
8.591773738981789421e-04
7.751737785450796281e-04
5.476135998987441411e-04
6.533341086217836491e-04
9.909332690297700807e-04
9.938039605000836829e-04
9.860803705917797757e-04
8.416094726783063251e-04
3.710812388723061517e-04
7.174183142381052036e-04
8.789713032354429245e-04
3.825240170102217618e-04
4.840980441910280874e-04
5.264661092918565544e-04
2.493097384120845916e-04
4.275922247835017842e-04
9.935898788094865708e-04
8.293245571702190233e-04
9.304321341281340807e-04
9.554738640231708047e-04
8.485925178896014387e-04
8.025784737047958473e-04
7.995383090678709337e-04
6.269322377524533252e-04
8.087883893282965531e-04
8.884968495896927720e-04
8.769624567054323805e-04
7.374282779182284031e-04
9.390123897676794229e-04
7.312493993161250927e-04
7.723220868340874290e-04
9.938442362907862204e-04
8.246209195964526728e-04
8.331009645908826755e-04
9.660728240210580964e-04
7.934315002161573815e-04
9.041144474496443095e-04
6.908617724707966090e-04
5.979473941697399653e-04
4.598749128833512501e-04
4.810599578991547887e-04
5.119081157097804535e-04
9.206292806954730068e-04
3.414622588533422487e-04
8.324213908031952158e-04
6.956419667619728742e-04
4.484642190130117001e-04
6.125286613908320632e-04
8.599868927582354772e-04
9.488708948262036813e-04
9.350483717507351855e-04
9.931671768825811597e-04
9.518007571237552256e-04
9.921587768768613813e-04
9.394430849761770119e-04
7.602567251254743752e-04
9.613114065778471939e-04
9.964909756502438043e-04
9.161803746368102352e-04
9.529551767416544195e-04
9.815165201205733325e-04
7.744223598742383530e-04
8.269993985670076597e-04
7.852543388197075203e-04
7.603472974021530106e-04
9.453829236895083810e-04
9.529208209249073747e-04
9.459551524821918633e-04
9.451370687172389040e-04
9.850073477714049730e-04
9.953530875089766639e-04
4.576640877818061171e-04
3.237369691850844333e-04
8.718322297068814564e-04
5.805510147626202766e-04
7.858122736605910319e-04
3.975087709654490098e-04
9.963795574324807447e-04
2.779439862437005360e-04
5.626677286952874724e-04
8.492222734383103599e-04
9.952381057790615770e-04
9.443868979424063781e-04
6.509664591632935426e-04
9.637942894605844302e-04
8.865191470356359460e-04
9.923602125720965006e-04
9.590332633445664001e-04
7.179515831633453971e-04
9.374782635372946871e-04
9.799346937694464188e-04
9.642905212228214396e-04
9.835493044656473671e-04
9.389098886334323879e-04
9.624238721837041766e-04
9.481581125495575080e-04
8.734321953502988123e-04
9.767767027222262755e-04
8.286580345673311143e-04
9.955314158407446712e-04
9.562618579218584713e-04
7.466275025169721857e-04
7.419693926324910649e-04
6.313665137349655510e-04
9.673749522967067804e-04
4.622212441021122942e-04
8.715226211015725255e-04
5.006986040022587403e-04
2.832351564474588912e-04
6.522488820961402922e-04
6.208553171445085894e-04
2.630875077076488822e-04
9.902633821509132517e-04
9.227727865601664803e-04
9.955098132405915123e-04
9.168631587561648644e-04
8.981229597605500103e-04
9.962536918610709336e-04
9.638253047546951890e-04
8.832548852361066238e-04
9.371267204721922539e-04
9.724989523889338017e-04
9.582767493322430497e-04
6.905149461169379776e-04
7.528229005195896661e-04
9.977858182249610408e-04
9.229698953618914459e-04
9.426150087645801534e-04
9.341000666097665217e-04
9.579757714941461444e-04
8.922619446216639716e-04
9.244413734851297804e-04
8.713476533245279043e-04
6.584222971026676419e-04
4.223618911219917393e-04
2.603743982761974607e-04
3.602794984274293455e-04
4.489593164257454916e-04
8.511761805890527555e-04
8.913737117914877217e-04
8.033478724708276175e-04
8.034825607428075500e-04
8.869910115462120714e-04
5.324696977184739666e-04
9.417990360668371252e-04
8.420482833683129442e-04
9.196084658363856690e-04
9.881375069993314497e-04
7.825766609175222044e-04
6.701952750517436996e-04
6.824243713584587923e-04
8.642064831316798035e-04
8.384967935413101259e-04
9.125891603177782585e-04
7.938793238196906188e-04
6.835822448293393805e-04
9.393956545060699881e-04
8.463197338763883693e-04
9.455602314689670607e-04
8.668947457474152074e-04
8.391105549979682721e-04
8.242361014844101774e-04
8.769872122149635629e-04
7.721558266220451827e-04
9.042560280072553525e-04
9.509291746930825795e-04
8.731605176697243564e-04
5.177468527669537579e-04
8.236315246243908206e-04
5.991848630775287177e-04
7.031120852566408175e-04
4.596602484281397949e-04
4.686484313193295392e-04
9.695075776743333762e-04
6.014313598248222092e-04
8.523846289413272714e-04
8.292285271853661044e-04
6.503776915516290558e-04
6.508888622805963919e-04
6.112530184348985429e-04
9.697511660229363173e-04
9.553170354407169995e-04
9.804392359571423299e-04
8.843888292012769270e-04
8.519259768208220507e-04
8.511259590308073442e-04
9.792954570554401883e-04
9.164303950303098745e-04
7.826570398968835107e-04
5.929443476674345348e-04
6.122599619414748062e-04
9.035081192738658729e-04
9.565268011613170529e-04
7.764962447101009246e-04
9.905305985088430631e-04
6.524023086954544581e-04
9.294846101589593346e-04
8.126579027032398983e-04
8.516106651360599855e-04
8.908884198733924009e-04
4.587452517800238994e-04
6.862974720206471702e-04
9.756127621040056042e-04
4.097073012760965582e-04
9.784711265451440099e-04
8.236163246932992621e-04
9.550399278644983170e-04
8.293153122554963730e-04
9.762143920051258306e-04
6.978384755823574537e-04
9.427816527800558788e-04
8.456508443749344295e-04
6.348745206851136302e-04
9.552174686282555172e-04
9.332763917182518298e-04
9.773929143348514259e-04
9.358690406169323239e-04
9.605113868476067296e-04
9.968341689048365595e-04
7.422842274543706154e-04
7.921442657052857328e-04
9.119426788474216394e-04
8.876171607705707345e-04
8.382636535185783444e-04
8.936993635750845044e-04
7.875990902717067144e-04
9.998798104725592495e-04
6.179633150654728624e-04
5.051132083194742606e-04
2.736390028927893070e-04
5.658362109066672474e-04
9.115408414173131746e-04
9.853731656411790496e-04
9.147710144021825585e-04
9.795919621201631955e-04
3.465536943134672754e-04
8.934244503997490483e-04
9.344925310067475621e-04
7.146014394330268971e-04
9.409217263005587029e-04
9.176347992340128101e-04
8.322655686414659471e-04
9.811477676695545824e-04
7.618431049660756571e-04
9.039703714400770806e-04
9.894133733363563721e-04
9.587406031829059927e-04
8.895286615068220826e-04
8.436052728892917685e-04
8.475132703502641363e-04
9.880105527756422035e-04
6.468387346897364054e-04
9.261302690679595884e-04
6.025846794529554629e-04
9.311863761464200806e-04
7.873925221666411289e-04
9.156543982455911390e-04
9.201561958248616335e-04
8.382874186033673070e-04
4.615287259426281707e-04
3.173060442360764455e-04
7.658573338346075232e-04
3.475348708256165153e-04
8.486248434094179061e-04
7.937639467126000881e-04
9.480828584035316808e-04
9.726263573407445406e-04
3.710778340281217780e-04
6.330006254126052667e-04
9.570054918714987480e-04
9.577614162996628266e-04
9.479361501364413911e-04
8.280844206450810319e-04
8.845278220778185485e-04
9.818819885775154077e-04
9.321030728843826552e-04
9.693145783630230383e-04
9.504831150443093790e-04
9.910679001081668105e-04
9.864629387231760305e-04
8.389981690215542187e-04
9.053692421269188273e-04
8.554519383386915976e-04
9.244357861569740820e-04
8.148513656487388346e-04
9.689941014218161897e-04
9.869516313090187509e-04
8.854394021277078863e-04
8.757933904204318054e-04
9.316211641587912595e-04
7.886936743624062274e-04
8.964929718874303788e-04
6.397174241755676505e-04
2.732345576146322230e-04
9.228636480687057997e-04
8.728172282158608297e-04
9.490326026045936558e-04
9.843861673133336154e-04
7.184189321143286122e-04
5.073585192862939408e-04
9.192873503947041058e-04
4.957027089753651694e-04
9.054219417444775431e-04
9.559923605714226724e-04
8.891207791696942309e-04
6.777061107523518757e-04
1.178756282712356551e-03
9.045481455094428469e-04
9.639273677164439391e-04
9.667334758028944819e-04
8.214319383644808070e-04
8.649029989797885065e-04
7.754629454354011742e-04
9.388086548492990957e-04
9.078009597115466178e-04
8.192682751271274100e-04
8.770403966040785093e-04
9.225549041373959369e-04
8.168485872555031335e-04
7.847675312646629209e-04
9.490950915272966526e-04
9.533042261515856097e-04
9.560260847756296698e-04
4.309423940034307066e-04
8.311686310944477185e-04
3.591919535751442183e-04
9.426543927130159872e-04
9.771033774332860133e-04
8.670624471137644562e-04
8.333769592271389470e-04
7.999564049465668347e-04
9.966665366416549432e-04
5.949661570471276306e-04
9.670206861984720348e-04
9.429159133913511681e-04
9.706785579235432948e-04
9.391803789788877310e-04
6.989319837209517772e-04
7.654073415657158819e-04
9.198065178451786394e-04
7.701836214480950460e-04
6.633382388078201686e-04
9.214100315148021636e-04
8.394596690751710000e-04
4.340112931466855173e-04
7.214234311698763946e-04
5.072676482256177621e-04
9.638064713038962950e-04
9.475469954802751005e-04
6.592346078809763199e-04
8.694682786067886582e-04
9.085538250632740898e-04
9.181740701190710396e-04
7.581731712357209219e-04
5.201730656499981009e-04
6.735640481251303768e-04
9.685177052058957514e-04
9.610121585997832838e-04
7.401004360917395886e-04
8.098962619603744528e-04
6.030275158032116778e-04
7.894255142246731083e-04
9.679374590462197503e-04
6.068800581137123729e-04
5.387189079623100341e-04
9.688155504578022104e-04
8.839959294565380432e-04
9.288333307501117631e-04
5.751568961506192679e-04
8.964778795150785129e-04
9.996758404779981788e-04
8.256519122967764801e-04
7.670100121167644502e-04
9.490037656447736225e-04
7.240555880638765984e-04
7.533027659402113940e-04
6.857142241869507160e-04
5.149935105863701068e-04
9.225292357324388348e-04
9.913005752574255425e-04
9.728308023012610661e-04
9.819173874573428051e-04
1.254393141277510004e-03
9.907264577878605039e-04
8.640035495243170161e-04
9.167122554462059369e-04
5.252522045983143428e-04
4.047898196368748813e-04
5.617900922513241468e-04
9.827585288775253503e-04
6.979278773208141828e-04
9.552321855250678340e-04
9.494255894617609215e-04
9.331248584335538609e-04
8.370260216918889995e-04
5.924313168240713523e-04
5.797200320089013204e-04
9.147942640976847173e-04
9.608266196310388807e-04
8.538672771515321003e-04
9.913197666631123894e-04
8.926077055043668551e-04
9.491994387424984581e-04
9.559193124045739509e-04
8.951729397490559847e-04
8.874807536530804342e-04
8.437727369755565476e-04
9.182224891987056381e-04
4.415238897879092406e-04
9.646878592526331175e-04
8.849738087673975073e-04
7.699990095114683797e-04
6.863319958160252199e-04
9.433879096306663214e-04
7.986402950642679244e-04
9.628068355789221044e-04
8.946436891955622528e-04
7.201227789512820721e-04
5.552602166525311134e-04
9.423537872117471181e-04
4.952410301353182831e-04
7.456424023574159676e-04
5.989676570327118199e-04
5.673913565218402510e-04
6.778715067394802674e-04
9.396460972507236775e-04
6.856124631854365603e-04
8.847206611860558567e-04
8.927453267690843575e-04
9.708571913839003642e-04
9.732389199184066086e-04
9.030314785088977558e-04
9.671445692016611417e-04
9.164084977640873930e-04
9.672146807602199914e-04
8.394222611186608063e-04
9.684899211573894107e-04
9.664498094781315274e-04
9.196850632989805874e-04
6.903327974675521617e-04
8.071191536243027542e-04
8.733886484787456439e-04
8.920679614642379462e-04
9.555406686896361634e-04
8.829064358574223448e-04
9.349871153261357648e-04
9.826986237001511526e-04
9.955292537332516289e-04
7.401994592106664328e-04
4.246191758179307385e-04
4.713446005506494174e-04
5.385165981548478698e-04
7.690717468407104462e-04
9.626442099817111853e-04
7.203124125549908996e-04
6.026030929270342895e-04
9.638571387494687670e-04
6.210288934086483081e-04
9.493749705722365206e-04
8.142422793764314548e-04
5.517192699253659072e-04
8.024665609682735123e-04
9.383546200919523628e-04
9.133099050442350375e-04
9.257252158459960967e-04
9.635693385318111481e-04
9.934286810916459487e-04
9.374185365756959598e-04
8.161853784314221372e-04
8.916211408487306755e-04
7.656122604078330340e-04
9.259697284521584137e-04
9.036491057260453985e-04
7.357407797570214569e-04
8.514243986676994780e-04
9.103848395384250836e-04
9.527894799041813911e-04
9.265680944408050124e-04
9.153481441107613747e-04
9.885314980999648782e-04
9.700340291082243382e-04
9.205657282453927337e-04
6.334517918333837372e-04
6.403564905863579071e-04
9.306076961103082468e-04
7.274474307263911754e-04
9.125760733903476307e-04
7.460761502888768604e-04
9.882884270704384022e-04
9.775050629754478138e-04
7.083104448415422638e-04
8.134836816382495783e-04
8.633857007729339728e-04
9.303899407997473503e-04
9.883908734424906584e-04
5.984937358144426511e-04
9.725180785289389007e-04
9.981707952078089363e-04
8.658735081555901658e-04
8.158779962531559349e-04
7.751815940738593369e-04
9.155297387319905056e-04
5.934460333527624698e-04
9.960795113714837612e-04
9.607396075365093324e-04
9.751547588678910472e-04
8.437934689600190552e-04
8.404730888380562703e-04
8.676904309389277259e-04
9.885083564192820305e-04
8.989281036974050565e-04
8.430497674251080653e-04
8.969780054071119224e-04
9.486401586663584240e-04
9.207106172093304508e-04
9.339678097998183048e-04
9.910854097300303422e-04
8.584660238953878419e-04
8.436044378751228479e-04
9.360204624030421527e-04
8.306679777859704572e-04
9.552205860494655809e-04
8.902333609213108900e-04
5.331682042212237960e-04
9.226665621291374464e-04
4.301948098528463049e-04
8.702447161315074453e-04
9.661480143781098207e-04
8.814695329871780061e-04
6.777334846468363594e-04
8.621229714915745745e-04
8.892942414349125357e-04
8.863487492984933880e-04
9.993517179512911852e-04
8.628989604537729008e-04
7.840294768394207026e-04
9.783294946090759225e-04
5.215247897527586218e-04
4.714741832462232551e-04
4.851800079875845384e-04
9.399486506184162593e-04
9.344617625479667566e-04
1.789530050327003963e-03
9.739661026126888999e-04
9.916186695506645776e-04
8.689963009997914156e-04
7.871706603431727345e-04
7.115859513638911338e-04
8.804153838103401242e-04
6.885957712740031766e-04
8.843662347211012076e-04
9.658183696624744741e-04
6.971877839857532067e-04
9.027324694642624436e-04
8.799950059958927540e-04
8.827461897029653670e-04
4.045415902504956307e-04
8.467469529146454121e-04
9.825331630605171895e-04
9.510432301019777768e-04
8.518889729602907579e-04
9.452447053175383473e-04
8.704539189793303322e-04
6.691801593514679070e-04
9.906476768779537423e-04
8.804179853693083757e-04
8.739370603587648390e-04
8.669639993046374116e-04
6.069220799215235829e-04
2.552386354418567649e-04
4.414471995191071585e-04
4.597498982397141276e-04
4.163417310811823313e-04
4.729983695792583376e-04
7.063660839468077768e-04
7.576342358270871102e-04
9.473059550071383228e-04
5.764944165908003626e-04
9.686529809647126399e-04
4.881742688314094636e-04
8.053015297486698643e-04
9.840235956865006628e-04
9.972866814766945254e-04
8.087653919487403087e-04
8.402969107570434915e-04
9.597696058122329177e-04
7.286994223941745119e-04
4.712410685894230511e-04
4.407725338764212353e-04
7.334395155272899203e-04
9.747627709183470657e-04
9.735389420980622432e-04
9.198530732644760732e-04
9.952576966327786323e-04
8.725078069852232332e-04
8.865191020074325579e-04
7.960861393071505532e-04
8.902581699015144068e-04
9.087742512904339875e-04
9.842804795041626420e-04
8.217873276844533947e-04
8.660884474226415719e-04
3.915665623070996304e-04
7.212139649961368804e-04
5.474565124108377034e-04
5.002101435233052840e-04
6.461218094541143486e-04
7.655805695098161223e-04
9.641148812993272088e-04
6.266431335870681352e-04
9.261529286184178034e-04
5.816046523943185775e-04
9.026215038997476015e-04
8.069570972221162819e-04
7.501145207685633309e-04
9.230215780405837123e-04
7.763110931058303521e-04
9.819190078501627283e-04
9.893908584318600319e-04
4.947887521251637111e-04
9.454376427004973493e-04
9.667557950694405378e-04
9.339896509298339922e-04
8.903540205338345004e-04
1.589953487871165194e-03
9.686753107465140289e-04
9.591241246389436981e-04
9.072678853040416769e-04
9.887401983766919145e-04
9.264301616258574512e-04
9.516196205806570774e-04
9.951120859095219373e-04
5.176416496817104473e-04
4.108201838681768692e-04
1.870287753162891420e-04
2.591149912370971364e-04
5.690166438032662199e-04
5.068564673905706641e-04
7.011584273122206667e-04
8.438884599669682629e-04
7.909483840439213154e-04
7.484797140675514271e-04
8.666400569687926492e-04
8.799226425089123893e-04
8.339487402123646476e-04
6.449207919773103370e-04
6.820078461815537452e-04
9.345047686644125662e-04
7.577233022777463134e-04
9.880986762855759054e-04
9.304925160558141783e-04
8.203407203064561060e-04
8.335697979026113202e-04
9.549293818383874921e-04
8.139608389201580252e-04
8.101411803593805416e-04
8.812315804501702488e-04
9.648238058799218919e-04
9.347094686636969740e-04
9.938983859147931810e-04
9.880647560028821275e-04
8.971415608972632683e-04
9.648650566422833919e-04
9.192864626295094155e-04
2.870921391567859970e-04
8.029507804874214116e-04
8.739576067333665321e-04
4.955745332125838232e-04
5.462320505614792765e-04
7.227606853762447159e-04
8.472338951583946454e-04
6.015326576384039114e-04
9.991382499536793915e-04
9.330013673926051965e-04
8.772827642075098353e-04
7.257121589775428205e-04
9.088301163249212777e-04
9.156070363979251781e-04
9.900945453634735216e-04
7.799841024738185524e-04
6.854781582981139820e-04
8.474287755466658467e-04
9.729107412967952229e-04
9.977415824929947163e-04
9.177476792816552376e-04
8.768617067483885918e-04
8.926425628035250526e-04
9.776885250906142133e-04
9.008547208844142062e-04
9.358645090812300893e-04
9.672397179545377810e-04
8.705815234902880562e-04
8.003602574842005879e-04
9.152217712182775244e-04
9.367255320145151387e-04
9.146020169875646033e-04
4.119581848089914899e-04
6.291618818803357271e-04
5.009307792440687024e-04
5.629369867921063531e-04
7.750151751079181750e-04
9.798059827873517591e-04
5.872394196447805470e-04
7.607376063285542500e-04
9.109583658920561433e-04
6.344000476737887695e-04
8.867598396048448350e-04
9.626298191887094902e-04
9.592173441865803341e-04
8.423708846668764849e-04
7.836928482715110889e-04
8.985489805536372998e-04
8.318769552437821346e-04
9.401333704504022393e-04
9.714256118695807629e-04
3.709793374618852724e-04
9.443554106479679078e-04
9.751679896007336978e-04
8.628529201267776116e-04
9.214535830190939691e-04
9.607103542166317567e-04
8.647757552753265742e-04
9.414356700321313554e-04
7.659548596731236003e-04
7.355974798691766736e-04
8.171726736000417546e-04
5.063807850758106355e-04
5.175116123191658701e-04
4.749496889276949574e-04
6.546636850114362360e-04
3.633514825048811403e-04
3.198576744084524748e-04
7.138609419364838615e-04
5.017585097125687454e-04
7.681452641027375350e-04
5.464598837383594088e-04
9.980512726796009204e-04
8.168303698619094888e-04
6.655004920355089837e-04
9.382154641692785901e-04
9.729570096153050685e-04
8.248878619089294872e-04
8.851356556952572063e-04
8.856769438023714969e-04
9.903525113714728434e-04
