61
62
57
58
61
61
61
61
62
61
51
56
57
66
61
58
61
61
60
59
52
62
62
54
63
52
56
62
61
64
65
60
61
53
62
58
62
50
62
50
57
61
52
57
62
65
55
56
52
63
59
58
65
56
60
52
60
62
59
62
57
63
58
60
61
62
58
58
64
52
59
62
60
56
62
49
61
60
53
62
60
52
55
44
57
59
57
57
63
57
62
63
63
46
53
55
65
59
60
43
65
62
60
58
57
51
57
64
55
59
61
61
51
63
61
61
53
53
53
59
62
60
61
59
54
56
62
51
63
61
59
68
40
60
55
63
54
63
63
51
63
62
51
56
64
58
62
70
51
67
59
57
58
44
65
59
60
61
51
61
53
63
62
60
59
69
53
61
58
62
71
61
58
62
57
61
52
61
64
60
61
68
61
62
64
55
56
44
59
60
58
62
59
61
61
56
54
62
51
64
60
64
57
58
57
63
62
50
60
63
55
61
53
59
64
59
60
60
60
56
61
51
53
64
56
60
57
55
56
58
45
60
62
60
52
69
61
55
46
52
57
60
50
53
53
56
60
61
61
63
51
63
63
57
70
65
