2.294490797891679534e-04
4.688635519234374271e-05
1.213043827251736317e-04
6.848660242073645321e-04
1.435515046438462505e-04
9.810199459507895625e-04
2.789374064349203763e-05
1.462000959013831647e-04
3.577405879418016355e-04
1.289565875542963980e-04
2.934356438215601770e-04
4.413867708719099170e-05
5.386665971529591701e-05
3.851815182243090163e-05
2.522261762039068600e-05
1.532645988385761271e-04
5.359738634147515057e-05
2.641525541802192123e-05
7.236872363713953149e-05
9.257496536040354940e-04
9.527540041269766391e-04
2.349971683049956184e-04
1.269065573571426242e-04
7.071567381871091129e-04
1.552125485959621187e-04
7.988650201647962135e-04
4.863523330466135164e-04
1.284200001547830539e-04
4.169375093915350661e-04
4.526663906887495870e-04
9.991313537716095539e-04
6.601049582358742285e-04
2.364571383861591158e-05
3.236504280612617634e-05
6.459254779070944252e-04
2.309374137371422719e-04
1.731930725368258095e-04
2.229315497174200189e-04
3.721239988898616957e-04
8.205062324093681525e-04
2.297266664379460366e-04
2.446280423629154654e-05
1.514008923785281624e-04
7.721131301225980792e-04
3.178664265295338964e-04
1.015301380911104445e-04
3.758770954055412616e-04
4.787421240837197445e-05
1.565439440553983985e-05
2.728679433737779547e-04
2.036594136243241593e-04
1.820416646468592248e-04
3.180812439026459160e-04
8.996540413941378489e-05
9.319865157741968886e-05
7.107714517107233121e-05
2.825765968091920044e-04
3.045240683026140260e-04
7.073142492147743710e-04
8.186108937034974886e-04
9.036980551664353101e-04
4.169212996258941928e-04
9.548735815032571850e-04
4.169111523895097093e-04
2.324957981381103878e-04
1.825541421169862843e-04
6.073458613786719695e-05
3.317597372647362874e-04
9.338155522142788101e-04
4.526420776033157622e-04
1.418434939396417960e-04
1.525798176393866612e-04
9.902950901752305413e-05
3.402839065363982840e-04
1.058599196424037103e-05
3.300924099799429356e-04
7.066953987733270992e-05
9.139645849509658859e-05
9.931571225353374999e-04
1.780836242289973725e-04
3.819000454408083556e-05
8.043827179837759189e-05
9.013533157258279971e-04
1.692548647618252744e-04
5.725727398752100683e-04
2.829987925611066046e-04
1.594615764107798483e-04
2.699808080782739594e-04
4.192927294477399869e-06
4.571233912986638614e-05
3.054867612329870141e-04
6.835547625448912257e-04
3.724601340029387586e-04
9.256655071195885043e-04
8.501925271363619530e-04
9.722428161357266063e-04
6.859857112152534242e-04
6.232269898196474145e-04
1.756950970303039483e-04
9.284118671145646928e-04
1.819889061002166741e-04
4.252142724746610369e-04
3.311670540909750216e-04
1.049232492110752091e-04
6.728927812349461135e-05
7.963391931917751521e-04
3.716779330372732559e-04
9.745293062445314902e-04
2.283354145734550755e-04
9.419682487743497035e-04
5.071365117514936571e-04
6.126579140907084664e-04
8.416918714703180981e-04
8.199794656493786249e-04
1.554565239987315550e-04
1.720591964300410837e-04
2.502232371436319269e-04
4.938040830371193124e-05
4.796092618142289155e-05
4.294186567166402568e-05
8.344811934235529804e-05
4.556435813962700365e-05
3.668472738183048421e-05
8.289639498140211060e-04
8.769463877541516794e-04
9.860840276362248247e-04
1.493403629381218067e-04
7.622198948776803817e-04
9.436093783413701530e-04
9.593645208925138945e-04
6.088065315346113948e-04
2.107839464294825049e-04
7.124202661178413720e-04
9.980683994962324945e-04
1.777540606510141785e-04
4.533084851177093810e-05
3.172232794056428773e-04
7.514327693739497604e-04
1.538408589432105344e-04
7.670825653711688119e-04
2.873811659965808118e-04
1.327015754067906173e-04
2.360255204927330652e-04
2.947584828708604832e-04
1.978358509042710267e-04
7.841730033374405551e-04
9.210345557630894575e-04
9.271133287570565429e-04
1.331346150588164079e-04
1.152470309266906412e-04
9.133665811782432087e-04
9.434063116366964152e-04
3.274958972481201158e-04
8.747084264297821932e-04
4.685161253736858100e-05
8.826305756548524784e-04
5.316690215748653969e-04
8.468676635121630270e-04
5.513975954949401626e-04
3.789411982852985972e-04
6.686360828453974392e-04
4.015009110378553459e-04
7.797200338821586030e-05
4.375363607547200218e-04
1.575482335011146873e-04
1.293672026729808522e-04
5.564932186831184069e-04
9.953734766445787585e-04
1.883908567948955337e-04
9.345942516600924677e-04
1.691366004157313085e-04
9.906222695404975909e-04
4.557399707187936855e-04
9.657568762827528630e-04
4.502423681612688355e-04
9.238643847733207792e-04
9.980621723103544340e-04
1.673021323576051600e-04
6.347298778147658638e-04
6.773307588435750759e-04
2.595338558861737255e-04
4.032920620902213926e-04
6.799195453088824337e-05
5.046835147148875933e-04
9.779553605726576393e-05
4.340776527533840579e-05
2.184260016124817128e-05
8.413319543616459839e-04
4.105951034073518358e-04
3.820130399816434874e-04
8.486030095919971927e-04
5.240235487311561968e-04
3.371315145876963015e-04
4.962008768749637255e-05
1.286535836099167440e-04
4.425952233333418917e-05
3.329195539513163382e-04
2.457345257586007747e-04
1.191006513128201050e-04
2.672653722174400670e-04
7.982328624998036304e-04
9.530856930478615041e-04
8.934419328775478064e-04
9.040929515176099329e-04
7.636841161862140126e-04
5.579982890727697153e-04
7.552724168548019534e-04
6.044459155855053112e-04
1.901781933847379591e-04
7.642784148391701393e-04
5.055232006903054298e-04
9.636687413977496064e-04
3.786015305206058557e-04
1.443373157095084736e-05
5.485588585775191817e-04
7.438465135296556952e-04
9.891442986443843566e-04
4.488848373762621691e-05
5.848242339342446527e-04
4.348243302292331691e-04
8.881490895117361006e-04
8.253749983361258202e-04
7.861661233562466933e-04
7.266422848676290513e-04
3.061465988212219713e-04
6.466153323039236511e-04
9.954376856564639553e-04
2.893179898617592727e-04
8.258531622505893566e-04
1.509383563331745393e-04
5.726660043267051137e-04
3.590968194736587904e-04
1.382612819961215322e-04
6.347859704494140942e-04
7.719687992762125361e-04
8.291264115203311746e-04
8.756909331841811195e-04
8.375431088808449331e-04
2.660035223547296823e-04
3.481040321354766931e-04
4.065415889206169808e-04
1.018373560849328285e-04
6.400488668949488869e-04
4.199061091191280681e-04
9.234076026243265289e-04
9.223297313384337670e-04
2.944573034900921371e-04
7.320063081027727847e-04
8.926865805021222400e-04
6.250803892413614449e-04
9.868063340595645272e-04
1.864106193633086050e-04
8.337062980428022740e-04
8.165600717462417890e-04
6.434286785357290483e-04
1.586876887956778504e-04
3.033777009108229450e-04
4.905047693523068020e-04
3.922254500573485458e-04
1.240651902157940967e-04
9.868090624215453133e-04
2.458517950323368950e-04
8.953372647942936524e-04
3.448975060500458767e-04
6.335850137704213125e-04
4.056958039341251876e-04
9.973947555644846474e-04
7.757069325141641158e-04
4.655773676693897301e-04
6.213499551345202931e-04
9.979383225662274981e-04
8.560161180787284607e-04
5.286636698309532534e-05
3.828895171453794433e-05
8.944611894582399358e-04
9.096243957978922268e-04
3.426658192546838677e-04
7.236698311496869707e-04
8.351545002454052735e-04
4.293773663494038217e-04
2.084918602159868684e-04
2.037786088129323048e-04
8.479852489723382902e-04
7.411911454412445366e-04
6.290814629258401069e-04
6.094098869052766432e-04
6.714968721679426267e-04
9.711961541047919866e-05
7.235697931640139302e-05
9.284067511975413467e-04
1.441096665465435578e-04
5.477120357472164969e-04
3.786976262689645267e-04
1.483669680342192265e-04
1.413700583827726120e-04
8.319921961820186951e-04
7.905994908632418827e-04
7.659199845745368052e-04
3.852005372415590045e-04
7.923409083444576950e-04
2.403947021961672093e-04
8.529008898369161429e-04
8.296912413218171523e-04
9.011219570576045612e-05
4.137522062185317040e-04
8.725965459989160067e-04
3.288462538386660583e-04
1.058853665955039602e-04
7.791389627176403820e-04
3.388686226577508620e-04
2.646472565643875896e-04
1.097487466421576130e-04
8.882782523420562626e-04
9.446601419075273398e-04
8.805000598629542097e-04
7.321787638797649933e-04
9.218079878257068316e-04
6.954537505244884343e-04
1.308136255862013542e-05
1.310896154305130068e-05
4.725378659032886119e-04
1.480580096205885710e-04
3.510597619500455124e-04
1.009375628671094205e-04
9.113602445366408844e-04
4.391916314644417341e-04
1.239117869950012718e-04
9.596154038354898219e-04
6.783097728676468208e-04
6.551537364432036270e-04
3.199037297400009194e-04
2.404158442355086578e-04
4.793768320454638854e-04
8.853417032358423810e-04
5.926448963974317863e-04
7.821128471039440200e-04
6.628810950098928956e-04
1.613578023583750465e-04
6.616380533397414609e-04
6.279792194067157496e-04
4.004948546416642330e-04
1.312678041629489201e-04
7.898150746969978542e-04
1.277903916832023867e-04
7.626890825752630221e-04
6.983375027626026466e-04
6.099674290082068850e-04
9.079307729074059807e-04
3.334185279471046925e-04
8.355152655947772899e-05
9.799566497115108632e-05
7.851644076317665366e-05
9.429301182818372595e-04
1.589659179666025324e-04
9.829024598728697271e-04
8.133058079589083889e-04
3.673532747701102608e-04
1.425120488336428792e-04
9.396609165013281029e-04
3.169711456404433747e-04
7.879287927378131329e-04
7.643999981694626911e-04
8.784236372312292929e-04
7.814236307267519166e-04
9.870063006541807127e-04
6.517287915053238123e-04
8.509994472706283730e-04
8.288175148890575272e-04
6.141082960066102103e-04
9.129483586040043619e-04
9.072981143822822503e-04
1.795177209678033847e-04
7.262548457931394807e-05
1.680491629729718994e-04
8.886277229963601698e-04
6.900389714781240968e-04
7.397673362898871119e-04
6.905420308827014964e-04
9.053127505751490389e-04
8.065779052162103113e-04
4.275653328300599298e-04
9.199448519969788407e-05
3.106107545937097925e-04
2.004662608618978936e-04
3.023212292690979908e-04
7.437748465315419111e-04
2.980027533467932699e-04
1.013440856812986013e-04
3.213787559857017584e-04
2.279250034288304860e-04
9.275750968074092384e-05
8.078411897987081147e-04
4.009653244171351716e-04
5.360814077006725853e-04
5.457245244494535186e-04
4.601539237732987786e-04
3.143347386398431809e-04
8.713841167548030953e-04
9.012361336329099970e-04
9.206844160191129944e-04
5.570376947805488754e-04
8.905629339742704431e-04
9.441995284764637120e-05
1.966248349931642991e-04
8.262005228176771965e-05
7.939963214312895090e-04
9.979312264942752364e-04
9.872552074293716728e-04
4.350037566592801497e-04
9.772109010200979995e-04
9.243973540533634292e-04
7.366723065140856619e-04
9.277013592662308739e-04
9.647892448616524064e-05
9.317648555517976661e-05
8.069644250243701578e-04
5.910327714254703935e-04
1.159593929667135370e-04
1.833542125230236408e-04
5.855136834542751245e-05
2.958005170010657991e-04
1.968338195059704532e-04
3.009447700854650520e-04
9.189553471794509321e-04
7.492655910483758674e-04
7.458533271725853453e-04
1.610341851338015218e-04
6.617731793207015656e-04
8.960665326336325620e-04
2.060118475781802516e-04
6.755449733847340710e-04
9.639363496112274277e-04
9.525376985187739010e-04
8.847802931235548840e-04
6.768706893653941847e-04
9.264391256179616008e-04
7.359597244300797314e-04
8.928444326646856055e-04
8.827337203982654756e-04
7.613043057963508886e-04
2.249513762673238659e-04
7.116990521475186071e-04
9.041245601968395107e-04
8.393165969955429517e-04
1.841531957936792807e-04
1.579899474359880429e-04
9.320897562103969136e-05
1.995167116637386329e-04
2.869386196439061010e-04
6.885339228568376768e-04
2.160182555326350951e-04
5.763167991964524006e-04
7.521267598753489381e-05
6.676434430574751389e-05
8.392264437150354084e-04
7.738107263455251683e-05
9.620569317575489166e-04
9.737734372433637375e-04
8.625399675481482120e-04
4.923891185872886211e-04
8.173108586216892846e-04
9.019192877967041611e-04
8.189674190457463254e-04
8.848264216353429745e-04
3.503376379572209487e-04
5.111915829878466155e-04
1.410900673355364177e-04
3.678075729643959235e-04
1.046867171258236695e-04
9.813206630373549899e-04
9.652307321910136295e-04
4.629393531695447095e-04
8.109815487868932138e-04
9.375413165370050095e-04
8.252345108692438203e-04
1.664979869352434250e-04
9.662663264800031016e-04
9.433771426444748087e-04
3.096585289154019094e-04
9.275929065194477019e-04
7.894195444559937158e-04
3.312821963508127965e-05
7.627417975579753318e-04
6.295515799292772385e-05
9.999914256932918022e-04
5.312674298555419838e-04
2.528184846056769075e-04
5.427931182621081874e-04
9.058417502780802266e-04
9.282867047136766914e-04
4.780432763830111398e-04
8.379791110453282954e-04
9.980982004693661480e-04
8.829112778653280813e-04
7.109611723655762106e-04
9.320788560545079093e-04
9.668255769839095848e-04
9.541041403683392375e-04
8.850137645964872846e-04
2.201878847274407747e-04
6.080004397963634233e-04
7.312993789260202604e-04
6.261146362962488610e-04
9.721122861471309662e-04
7.107818323760506374e-04
9.936925326201606623e-04
9.909914175553202753e-04
1.861539610683582424e-04
8.349301194865432763e-07
7.759175260813044872e-05
4.615477462995842828e-04
5.160358514911811412e-04
3.388399082074888824e-04
2.992723010075692969e-04
7.330246332004630716e-05
1.213351204931711891e-04
4.214161292638296530e-04
1.414881587256111573e-04
9.062711660884348319e-04
9.275194555588006651e-04
8.567554543258415478e-04
5.511420749112483364e-04
5.788221170903717905e-04
8.525105790319065235e-04
9.210869836973056834e-04
4.130122029579741394e-04
7.798773056221230959e-04
8.901805945509266849e-04
9.845261995484744233e-04
9.638713920824271142e-04
7.410732643226003447e-04
3.504807263090548020e-04
6.716838640925537618e-04
3.479141904373372896e-04
8.005511700555079102e-04
6.422069226210691539e-04
6.394034461717490458e-04
4.989187684693030533e-04
3.158480856868539632e-05
2.062711990185039923e-04
5.688194889308384461e-05
8.726376143297631671e-05
2.412337727205615678e-04
9.970642326768697217e-04
5.635767339926545105e-04
2.165729189074205863e-04
9.939687451365752935e-05
1.763506995655639287e-05
9.073223214817183191e-05
5.505192697200511631e-04
9.828434160139565279e-04
4.531445487662155713e-04
7.029534846704210693e-04
9.868958665470994873e-04
3.886418081786580103e-04
7.113213848293220565e-04
6.119679527604171554e-04
6.660098225488297885e-04
9.176090395509595155e-04
7.093523959477154861e-04
9.777644619639591639e-04
5.964130476254769775e-05
5.726672440042879231e-04
7.377561202268623219e-04
8.635277266273444496e-04
8.611113907056600070e-04
9.563821824446483433e-04
8.791259533076356547e-04
8.643423662338944879e-04
5.390471181385692034e-04
4.900858347789416314e-05
1.969928911156326734e-04
8.228039901814199197e-05
8.783680255612935639e-04
9.119478877338549339e-04
8.052996625538266784e-04
9.718746980678094616e-04
5.717644737073257488e-04
5.770735282518701936e-04
9.016225027543844917e-04
7.517130848984088232e-04
7.304089882145259338e-04
8.100430745232589658e-04
8.669840633218628412e-04
8.322685974646581997e-04
9.987374041469099240e-04
8.283375340765175565e-04
8.106805290426510879e-04
1.633696627311165273e-04
9.360221881836716662e-04
8.911033383751654213e-05
8.870671018512688022e-04
6.944650138352992386e-04
6.433448984116685310e-04
1.136892822172219653e-04
8.080343162479852737e-04
6.659112748105266988e-04
9.368451948529310513e-04
5.890135915698202496e-04
7.969481681718848520e-04
6.863148896458781678e-04
9.558989480388246918e-04
6.858441293999817390e-05
8.068176662452408721e-04
1.006605589297659975e-04
4.801259120738032848e-04
9.316002044115201386e-04
2.349234754230877797e-04
7.264473795884907048e-04
7.773832654582868429e-04
9.366676454736211355e-05
7.529242662921431517e-04
7.101445618457047360e-04
8.382465305236674880e-04
7.844038486516380360e-04
7.890963013116314428e-04
5.353307539253115976e-04
6.868504291072108359e-04
9.816549407527519477e-04
9.669905442861725930e-04
8.582222868859235021e-04
2.588808845170875728e-04
4.657826755549709929e-04
3.032081568488109724e-05
1.864397046031918137e-04
1.278351285844969709e-04
2.050963948121431457e-04
3.731478324794368362e-04
6.437787840732900335e-04
9.882710403716910008e-04
8.652871778359605415e-04
8.721304975125576675e-04
8.846819021454122023e-04
4.030041513314319701e-05
1.828184549845790485e-05
3.614097971073038096e-04
8.449222113156018565e-04
5.435170529036748022e-04
4.629096332392501623e-04
5.525784903948061100e-05
8.191007434225072714e-04
4.950154937963802126e-04
3.425669192003155672e-05
2.011351835073948990e-05
7.601680796673893070e-04
5.669026680622524239e-04
9.948509444657194223e-04
7.774398211225497235e-04
8.532438891614146925e-04
9.348646470154209354e-04
8.565894411141083964e-04
3.562955872487005848e-04
2.666204803539740098e-04
9.482383317711562398e-04
2.689578192153208036e-04
5.650593004499215866e-04
2.469698320872737440e-05
9.071290621240901686e-04
8.919675828743534041e-04
9.856581313414380929e-04
7.366887159051538347e-04
9.166274097698323686e-04
4.816783547951786204e-04
5.956143029082205942e-04
7.876296918533087776e-04
2.343865429386138288e-04
8.088607097322952910e-05
2.151198359364725476e-04
3.300267703109094342e-04
7.699435191144132773e-05
6.415953082727909873e-05
1.405957894388132345e-04
6.720993948456932543e-04
4.271011504902721967e-04
1.900292889951415987e-04
1.629863358243444083e-05
6.701675307230203771e-04
9.103688867052595057e-04
5.553614726869771090e-04
9.123142249491955624e-04
9.820437854722863236e-04
5.875059377411506745e-04
8.095033120815164907e-04
5.871760900549860551e-04
6.338203717854984376e-04
8.891352038945532499e-04
4.447862972370986157e-04
8.878826887029900305e-04
9.971244073404550434e-04
4.046107673359999879e-04
9.853798047469997101e-04
7.648210277576561467e-04
6.966328421590395337e-04
8.855076573613951396e-04
7.682600080466395198e-04
9.997243397057431480e-04
1.842358570139923657e-04
4.865396475473016125e-05
8.913158459630254882e-04
5.760846758218196584e-05
7.625762859649887204e-04
2.354010755492019769e-04
2.619167088786511499e-04
1.757847629400011158e-04
8.921487103595859836e-04
5.684716066696182679e-04
2.779917131918718809e-04
1.213599265954545814e-04
8.206254840581461707e-04
9.529363830765857912e-04
4.900785440012933591e-04
4.430932663633813107e-04
7.174630103915502488e-04
6.503183835072645635e-04
7.747455195851182808e-04
9.726064060632255703e-04
2.425589471590772206e-04
9.175920027770789744e-04
9.828340116473377464e-04
3.713967572943621676e-04
1.908540158411797805e-04
5.853693508696133918e-04
7.796978065019999349e-04
5.686763714319864604e-04
7.351151551380219473e-04
6.357970488228836814e-04
2.123542819272294935e-04
9.698037081571353468e-04
2.376091527154233773e-04
1.901554381364967128e-04
9.488430642889955635e-05
6.931234517759676805e-05
2.849880398316795294e-04
9.817035825855358055e-04
3.885274091648405204e-04
8.826553323503238957e-04
7.719787655012799732e-04
7.894341722813891238e-04
9.576546188946322147e-04
7.213186143513183879e-04
8.992383848138718605e-04
7.487095795076781357e-04
7.630071953929062900e-04
5.951234268517513470e-04
8.876169973440761751e-04
5.492846061707634675e-04
9.652919156183381588e-04
8.880426629672699690e-04
1.472004409326377328e-04
6.792291923385374020e-04
7.503618819090229763e-04
8.623516271786257903e-04
8.062439302334301061e-04
3.854551789251869920e-04
8.951953856312089286e-04
8.398344556835857233e-04
7.131960747261967271e-04
9.737015551546379655e-04
2.274742771936066887e-04
7.313574478461370987e-04
3.316746248738233760e-05
2.423181385236006236e-05
1.157938538971503561e-04
1.981172213251225500e-04
9.753109595770359519e-04
2.691723925477562673e-04
3.827103853676350198e-04
6.732702518940092418e-04
4.398613749423407882e-04
8.782843799998163448e-04
5.206183449134593744e-04
4.827912288485336489e-05
9.624656162747768917e-04
9.478441426099548650e-04
9.715096841448334075e-04
6.405030034396519412e-04
8.958503533541550823e-04
5.823620919905847515e-04
9.437386696838911959e-04
9.347659125942264779e-04
7.603014036243749274e-04
8.592540976338769454e-04
9.323911831826681151e-04
8.957352660002859679e-04
1.099961032906549008e-04
7.132519425664396451e-04
9.963319330204001290e-04
9.350556424300160430e-04
7.389881939717790615e-04
7.874347102166945334e-04
7.098907007022647875e-04
9.060241481979591782e-04
9.659190688616758891e-04
8.914376257039835494e-04
8.122963571058905430e-04
4.902649545792669983e-04
6.260628168894832868e-04
2.549403696033847311e-04
8.499032995501476506e-04
7.267997857604013845e-04
7.050824851240200530e-04
6.871525698107783242e-04
4.651936035400261460e-04
5.731091510539076950e-04
7.781575613853286555e-04
9.494796733663379840e-04
9.886623606365496642e-04
7.503188313037201240e-04
9.138889532070981758e-04
8.216137399140732711e-04
2.323867453865036126e-04
7.563229732936438410e-04
8.186936167356995142e-04
7.337126909394697805e-04
3.433740115522665448e-04
9.603639888807746772e-04
4.248360557704833340e-04
1.348960389394582293e-04
8.371381925872389829e-04
6.276950580772489019e-04
4.722495438401752565e-04
5.128475627486084321e-04
8.010846996785447871e-04
9.511701479224532463e-04
8.629651817011474435e-04
1.113808067908506061e-04
7.993436142922361043e-04
9.979094403972377236e-04
2.857434336414055309e-04
5.717492507525401280e-04
4.550227546774587850e-04
6.058112840440221802e-04
9.183086534335638262e-04
9.880442757730367731e-04
4.647938186472799771e-04
7.540477108965992770e-04
8.923569082229798610e-04
7.844031684937080584e-04
4.198088378970510348e-04
6.230048237778618159e-04
7.729353143488548739e-04
9.790063262173909209e-04
8.990196043793252656e-04
8.915386657240009782e-04
9.329818935559508475e-04
8.043246328830466751e-04
9.573396724842364591e-04
8.144247444661356639e-04
7.831620532423588799e-04
6.567385475472198308e-04
8.788342055642273110e-04
3.660418021579348036e-04
5.737575187445553837e-04
1.485010708990319728e-05
7.942305299877272518e-04
9.280487970585449276e-04
7.605745032135402539e-05
5.219695340663577099e-05
9.649721809812383810e-05
9.884214099985522139e-04
6.821677738280129688e-04
5.995105341167761281e-04
7.889818706093842948e-04
9.313386387377331488e-04
9.554120370334207024e-04
6.688185211448649525e-04
8.357273664727493667e-04
6.042402110312261598e-04
7.735662612884386391e-04
8.388051486424297210e-04
8.612677744384011902e-04
1.904364799472091363e-04
8.214276569724621169e-04
7.512819587757180173e-04
7.768954784177495299e-04
5.929203891398282522e-04
7.813777667028398710e-04
9.517516588217755924e-04
7.818255753695435573e-04
5.236195617731587149e-04
7.837179174068342746e-04
2.731965318251150521e-04
9.465897347837870512e-05
7.722668171518121127e-04
4.279493061263295317e-04
8.244950804370265729e-05
7.646006283954509541e-04
8.166478564370915905e-04
5.397882827629096880e-05
1.927351994113202238e-04
8.240021763626925733e-04
4.695360980379037485e-04
9.864066344213995308e-04
4.751580697989199464e-04
9.169141024885085756e-04
8.219686728974107126e-04
5.175376038362156095e-04
8.235113096962676238e-04
2.861040288427707523e-04
8.400937085339954535e-05
8.843749769626985113e-04
4.996459295895094854e-04
7.461479621359012881e-04
9.452721090806859294e-04
7.936393359504467782e-04
9.883233235717936438e-04
9.293885711503246938e-04
9.318076867547153697e-04
6.700950318085929780e-04
7.199630210635854510e-04
8.709976145317988028e-04
1.279463119454593567e-04
5.481257071909828582e-04
9.358920504343171132e-05
1.067122856507340956e-04
1.165406933191226457e-04
6.023002173246583268e-04
1.516670510683937323e-04
8.503575450857780993e-05
6.928161560481038705e-04
8.361627217708944571e-04
8.038456292605022924e-04
8.789368477792880441e-04
7.821566098816790102e-04
5.381702122746467865e-04
7.647541105499922054e-04
8.548121566895883205e-04
9.351358375615514973e-04
7.074541203972994907e-04
5.344775344132690620e-04
1.676296590696901845e-04
4.950317599364817411e-04
7.880599344151084651e-04
6.190883339904917904e-04
8.443409964501435994e-04
8.765738870968320384e-04
5.420646153277974832e-04
9.393577136441733089e-04
9.842492050866624709e-04
5.881252582060625400e-04
7.541441782106250713e-04
8.098674548464579459e-04
7.679768981555534779e-04
3.488268704798791475e-05
1.537508750949490022e-04
9.996352992184265318e-04
8.190354836279389872e-05
1.919252387920789005e-04
4.153383736071880605e-05
4.907683251020866777e-05
2.409964248684115518e-05
9.720318517467685382e-04
8.672910323835880675e-04
9.019816203403863142e-04
7.887290743542330063e-04
5.430427396703185750e-04
8.821966453441687506e-04
5.451472397803858172e-04
7.527642344795637541e-04
4.228807388093613895e-04
7.442478193785406759e-04
5.783829308683152703e-04
7.288314901102710408e-04
1.516901955697091964e-04
6.304431355088624400e-04
7.669151025118114973e-04
8.888113770383343493e-04
8.243425692969763574e-04
8.474743782241889178e-04
9.594549488498582690e-04
6.326929155342497779e-04
3.011608036233015540e-04
9.368426627637260751e-04
9.404428700909850392e-04
7.706417519481867373e-05
3.717765191498800803e-04
1.160073835637653872e-04
1.183539381951481673e-04
2.435446984592193331e-04
8.471977785817763618e-05
1.162637414779954526e-04
2.506026652793202913e-05
2.433420938969810265e-04
5.845803274641125924e-04
9.107594390479478719e-04
7.802421127148795321e-04
9.468658015187036980e-04
9.220728187603333126e-04
8.473522852554538076e-04
8.484937188376617812e-04
8.264007855153243653e-04
8.389704645839213271e-04
9.384604807649576941e-04
2.612249125683030471e-04
2.384549721226036922e-04
8.831288168114070913e-04
2.445012087124442957e-04
9.596496792529940478e-04
7.407040169445933131e-04
4.888283856728792287e-04
5.755725465235173033e-04
4.281469987101882424e-04
8.459358260779481498e-04
4.628199997079862626e-04
9.814276858443049534e-04
3.665079531700587978e-05
2.683440669581926841e-05
2.004790006346901521e-04
8.271316674456352658e-04
6.800432794751287702e-05
2.679687350107817778e-04
5.183106081152466516e-05
8.423689784268217906e-04
4.263494676448598142e-05
9.670099165178802636e-04
7.555216991955715500e-04
6.182431958661194216e-04
8.064196347697949463e-04
6.831819331305499787e-04
7.481481730502448357e-04
6.180579920062045929e-04
8.535939894305233366e-04
2.525252015183054866e-04
9.658370003973182349e-04
