0
0
0
4
0
59
0
0
0
0
0
0
0
0
0
0
0
0
0
60
4
0
0
57
0
53
17
0
0
0
58
19
0
0
63
0
0
0
0
56
0
0
0
50
0
0
0
0
0
0
0
0
0
0
0
0
0
0
8
14
48
0
1
0
0
0
0
0
11
0
0
0
0
0
0
0
0
0
59
0
0
0
60
0
0
0
0
0
0
0
3
40
6
14
4
55
5
0
0
4
0
0
0
0
0
60
0
58
0
5
0
5
8
0
0
0
0
0
0
0
0
0
0
3
38
9
0
0
3
11
11
0
8
57
0
0
0
6
0
5
0
0
0
0
0
10
17
60
0
0
6
2
0
56
0
28
0
16
61
17
14
0
0
62
0
0
0
14
0
63
0
52
0
51
0
12
60
0
0
3
0
5
0
18
0
0
0
6
0
0
9
10
4
0
0
0
0
0
0
0
41
7
0
9
0
0
0
0
0
0
0
7
3
0
61
7
9
0
17
7
0
10
0
0
0
4
56
2
0
0
0
0
1
0
49
1
29
28
0
0
0
0
8
0
15
2
0
25
57
0
4
0
2
30
5
0
0
0
0
0
57
0
61
0
0
0
0
2
0
0
59
0
0
0
60
7
0
6
13
22
0
0
2
63
30
0
62
0
0
56
0
3
0
0
0
0
8
50
0
10
0
0
10
0
0
4
0
0
9
0
0
0
0
7
3
0
11
0
0
0
0
0
0
0
59
0
0
16
0
9
0
0
0
54
6
10
0
0
63
6
0
0
56
0
29
19
3
21
0
0
0
0
53
0
58
4
0
0
56
0
1
7
14
60
6
6
13
4
22
43
16
0
0
0
5
25
17
4
0
15
0
0
0
0
0
1
0
0
0
0
0
22
5
0
0
4
8
20
61
11
19
0
0
0
0
23
19
66
6
3
20
2
55
0
0
45
52
0
0
0
3
0
0
0
1
0
0
13
58
12
21
20
10
7
0
57
0
54
23
0
0
0
25
0
0
0
0
0
0
0
0
60
0
0
57
0
0
64
35
16
5
21
13
61
0
0
0
0
0
72
27
1
12
8
4
0
5
57
0
62
55
0
4
0
5
0
0
5
9
23
0
10
10
19
3
4
14
7
59
0
15
29
34
13
56
16
10
0
0
0
0
0
0
0
0
0
0
0
58
6
21
2
7
18
62
12
21
70
10
12
1
0
9
24
9
7
17
13
0
0
0
0
0
8
4
0
0
0
0
12
41
16
30
18
16
4
19
15
16
6
6
0
0
9
6
20
12
19
1
58
0
0
0
0
14
0
5
0
12
0
9
4
32
52
17
24
28
15
6
17
0
0
58
0
0
5
63
10
60
10
12
4
0
59
0
2
58
0
0
2
0
13
51
11
13
15
16
5
30
9
32
0
0
0
0
0
0
0
0
13
9
12
26
0
0
0
10
0
0
0
57
2
0
0
12
7
64
11
66
0
16
54
7
1
0
0
0
60
8
59
1
5
3
59
17
0
0
0
0
0
0
0
1
0
2
0
4
16
0
17
15
14
5
18
13
9
0
4
13
0
6
13
4
7
8
14
0
0
59
0
11
0
0
0
0
6
0
0
10
55
0
20
53
19
65
33
0
8
59
0
0
0
0
2
56
15
0
5
0
0
0
0
0
60
0
57
4
6
8
61
15
8
11
2
6
26
17
4
0
3
4
22
10
0
26
12
8
3
0
10
0
0
0
0
12
0
0
0
12
44
0
0
25
6
10
23
19
3
30
3
0
45
0
2
0
0
1
58
15
50
2
12
14
11
64
0
0
0
66
9
15
11
0
0
16
13
13
26
65
0
22
3
9
3
16
0
0
0
28
0
0
21
8
2
54
0
10
1
0
4
27
12
14
69
2
59
23
12
5
5
8
16
64
11
55
3
5
48
0
0
10
0
0
0
24
7
0
0
0
6
0
36
6
8
23
3
0
0
9
19
60
7
8
10
2
17
6
4
13
0
0
0
0
0
0
0
32
15
0
0
13
3
12
0
3
0
2
60
0
0
61
18
10
17
56
20
9
56
3
45
8
0
0
0
0
0
0
0
0
13
6
61
0
2
2
1
5
56
19
2
0
4
14
7
44
9
10
37
26
0
13
18
10
0
0
53
0
0
0
0
0
67
13
11
16
8
15
12
4
4
59
3
14
0
13
0
0
6
64
15
8
0
13
9
0
0
0
0
0
0
0
0
0
15
20
6
22
14
21
19
11
10
17
2
0
60
0
15
56
16
25
0
54
10
19
0
0
0
60
0
0
0
45
0
58
10
61
4
0
60
7
13
9
57
