9.900452365321221748e-04
9.577931296349539991e-04
9.850062705093476367e-04
8.127829581033862993e-04
9.494613528242545897e-04
7.625364814078938736e-04
9.400828253236515053e-04
9.246424083222404278e-04
8.409149793960901675e-04
9.704919394964983681e-04
8.897039855766397665e-04
9.941825951871319234e-04
9.218669307562432635e-04
9.979407804651119207e-04
7.530079856895577350e-04
1.843877167073681989e-03
7.931031813573907741e-04
9.651899841784938872e-04
9.193122299687717103e-04
8.762206105156211677e-04
9.168533580766746738e-04
8.624587009449236064e-04
9.638514252692242934e-04
7.990932346175760870e-04
9.846168775722308197e-04
6.528480529885971606e-04
8.115574207032683063e-04
6.804371204658377081e-04
8.890895521702635307e-04
9.859738489671476813e-04
8.156833046492062422e-04
9.928889176743505018e-04
8.148472256197525354e-04
7.755922402644666036e-04
9.995202146193538084e-04
8.185945266465655124e-04
9.630907412068179241e-04
9.335724907568732078e-04
9.681513874676417331e-04
9.712777884033352294e-04
9.272486730248497011e-04
9.967668760890724400e-04
9.388139692685371074e-04
8.480363035250348958e-04
9.408482520383287806e-04
8.925219813815665759e-04
9.753837833962331061e-04
9.966418718500014151e-04
9.923105196524284466e-04
9.351567013959893870e-04
9.075776021530979065e-04
6.414610919195373739e-04
8.386541806228997586e-04
9.262569973264023204e-04
8.319951913349221684e-04
9.848879173975921830e-04
9.968132037573296245e-04
9.754920250352183686e-04
8.974202974261213939e-04
9.219869897424404215e-04
7.343802915026342859e-04
9.280502268392831766e-04
9.744055264158113516e-04
8.635719903596905667e-04
9.097506355875140116e-04
8.886318167112827737e-04
8.580999206508899135e-04
6.920437338315821307e-04
9.911969828640954105e-04
8.624279646544108502e-04
9.851913245813026521e-04
9.854598687045745820e-04
9.461173814914181079e-04
9.917957638293506406e-04
9.975759521985150258e-04
9.932593480637130767e-04
8.210160547010847409e-04
9.432114366576538345e-04
9.825556214904107577e-04
9.730213528243991661e-04
8.527189699281123580e-04
9.746177183878046435e-04
8.649014074953997877e-04
9.553231857587496378e-04
8.037385689247944498e-04
9.525617631698235499e-04
9.530619591899824883e-04
8.996686828454114604e-04
9.667827335977374759e-04
9.865032084098723786e-04
5.457896888512170364e-04
9.732260083833432773e-04
9.172225046022441930e-04
9.775535278541136464e-04
9.394091804042492555e-04
8.888267008703154559e-04
9.561101682251660350e-04
9.556776496689733946e-04
8.301953082326951616e-04
9.515289755755995671e-04
9.802705240701259370e-04
9.824307921070252192e-04
8.169450362914831842e-04
9.806560082527004951e-04
9.670053116443977359e-04
7.537650268590878611e-04
9.486346408243973016e-04
9.485014456953599904e-04
9.085016019840796986e-04
9.338151421898199800e-04
7.769511900561631990e-04
6.491597144633320937e-04
9.970982377891512982e-04
9.370422276046008747e-04
8.254540639948126923e-04
9.799516670065955282e-04
9.843819244556017978e-04
9.841537736310357332e-04
9.930148964821805535e-04
9.066397518323610072e-04
9.330644067431226318e-04
9.854438479225402503e-04
2.721560847653958781e-03
7.826482749487828627e-04
9.772537616238308189e-04
8.570793604063542404e-04
9.950188388799796613e-04
9.622238325550647176e-04
9.551003113426048685e-04
8.290789703601086913e-04
9.297214533329212216e-04
7.297897383702345309e-04
1.562711864771637593e-03
9.283479318138443404e-04
7.648345719348803584e-04
8.562776417698758635e-04
1.757441842363594020e-03
9.526608542637093890e-04
9.894234368011955993e-04
8.816785563718898544e-04
9.856894449316033757e-04
9.379769467078302725e-04
9.005727676724140096e-04
9.026039120667572746e-04
9.582683117562718067e-04
7.861691835806539075e-04
8.724041754655242897e-04
8.258985793475615012e-04
9.993819540747850283e-04
9.169400132578164886e-04
8.430859344688013124e-04
9.695248971506309488e-04
7.185859075995448819e-04
8.013362812829827320e-04
9.739850802390481732e-04
1.404094852744064426e-03
9.991281822628872433e-04
8.555800825525983200e-04
8.902624138565906620e-04
8.572387425243022108e-04
8.818468630513720541e-04
8.037675064501703659e-04
8.768145994207943161e-04
1.606132902729595635e-03
9.912330972308147636e-04
8.493769267947648416e-04
9.504610611620334382e-04
8.317523119067971038e-04
9.423802576588036217e-04
9.892525978875132964e-04
9.840707709803941938e-04
8.138111257343094707e-04
9.554033919332294289e-04
9.748280284402888185e-04
8.919915381175869129e-04
9.974877177628682645e-04
9.155095787217737424e-04
8.192813844424273739e-04
9.033568058164354042e-04
9.592463968897124715e-04
9.862656948571579818e-04
8.551690264897437999e-04
1.000883304411170904e-03
9.911468565939607345e-04
9.749281901401118944e-04
9.531676725688109642e-04
7.856568920111550725e-04
7.811777710486911275e-04
9.866686178683359287e-04
8.670656267334431178e-04
9.149236206551503159e-04
9.374737536923527514e-04
9.935242097141028239e-04
8.165048761098470109e-04
9.771142922754272320e-04
8.713630730367016852e-04
8.458013619887516654e-04
9.866920748723417844e-04
9.422712703605062856e-04
9.892203045699377029e-04
8.570327872002847513e-04
2.080621825169215455e-03
9.326276719806569915e-04
9.911362063462769711e-04
9.612325052180681340e-04
8.664069618846692578e-04
9.187414911515645599e-04
7.523647584152248768e-04
9.021967344674530764e-04
8.829391834870303768e-04
2.908992536388099737e-03
9.855382952926872164e-04
9.909592712019632543e-04
9.792580100611569804e-04
9.933451491241918063e-04
9.903559991810695351e-04
9.260205288708078797e-04
8.493924388184304064e-04
9.697973884861266214e-04
7.623641636006484035e-04
9.345014918873406629e-04
9.058486346240623988e-04
1.314920580665956962e-03
8.723176971151547221e-04
9.902193574584661206e-04
9.000904890166250283e-04
9.989175533521299499e-04
9.027303112432161214e-04
8.787765738148545225e-04
9.542284187222804803e-04
9.490181348364989944e-04
9.512120719447070272e-04
9.154346414010916533e-04
8.650340900185904403e-04
9.233606618822554069e-04
8.405096810110146421e-04
1.330569830066075099e-03
8.790551778035116115e-04
9.635048122744738208e-04
8.715088791706460114e-04
9.772623916347589201e-04
9.150102831928519365e-04
9.723746327018334412e-04
8.005976537062142739e-04
9.646188507411723734e-04
1.464311401684015301e-03
9.716184489909629463e-04
6.678491774010364423e-04
9.415121291663774983e-04
8.338050669067786913e-04
6.988844200577215560e-04
8.914708154221795411e-04
9.821812254187101132e-04
9.986081592430195997e-04
9.612036807902235580e-04
9.522421744974085556e-04
