7.990762962415409731e-04
9.505104215279391866e-04
9.367136758318128642e-04
9.275083659929794777e-04
8.145958705044753501e-04
8.903076284146882458e-04
7.203091146270601541e-04
8.782777400120345135e-04
8.563627242212934476e-04
9.982334171072526630e-04
8.028038555613070670e-04
9.311410222195837250e-04
7.843368290175734003e-04
8.410598974013527851e-04
8.917216048169862574e-04
5.789585748026127021e-04
9.817225495063475194e-04
8.151179443177669626e-04
4.932353221444030211e-04
7.594472529283136097e-04
9.995865718140928280e-04
8.245458055126109187e-04
9.558652410895929208e-04
7.376299464749713763e-04
8.321023563558904712e-04
8.864488847861728971e-04
5.647641792296820284e-04
8.944607223972944610e-04
9.328437373182785208e-04
8.683361200584327477e-04
7.188175509335037461e-04
9.475008062449497004e-04
9.602237834087645751e-04
7.264988984515552417e-04
6.577960221367806781e-04
6.336480673225786120e-04
6.736455897596860254e-04
9.368605216182324114e-04
5.225914627436933912e-04
6.557728112143168531e-04
6.699895351448548197e-04
5.454947851368796563e-04
7.553171766135902132e-04
9.571738089892978252e-04
9.992020882981789143e-04
7.587968313799153819e-04
8.748016976615202722e-04
8.122326810147129095e-04
8.748954166926115050e-04
8.299517004182188629e-04
9.060025054595799432e-04
9.531412219412338516e-04
9.589303972770135687e-04
7.710865243049092044e-04
9.426600692415965099e-04
7.860302816357078726e-04
3.494278783821025414e-04
7.660189768453617987e-04
7.567205613878691395e-04
9.456803340960329152e-04
8.832529581739301250e-04
8.086820192619859071e-04
9.766354736363558331e-04
7.974969101675055683e-04
