67
70
69
74
72
70
71
69
68
74
67
72
71
73
71
69
75
70
71
67
70
69
70
72
75
70
72
69
75
69
70
77
74
72
77
76
71
70
68
68
89
72
76
75
70
72
75
74
67
74
67
74
69
69
79
75
69
72
74
75
68
75
86
67
72
79
72
70
68
71
72
74
74
71
68
70
71
77
71
70
71
76
68
74
73
70
72
76
75
70
67
87
71
99
69
69
71
92
70
69
70
70
69
71
68
73
68
74
76
65
67
73
77
78
71
67
73
70
73
74
76
70
74
67
80
70
84
70
75
72
72
72
68
75
64
72
71
85
68
72
68
71
71
68
74
99
99
66
71
71
72
67
75
69
72
75
74
69
78
67
74
67
69
71
71
73
72
69
67
82
72
72
71
81
65
72
80
72
70
90
63
70
76
69
69
70
72
75
73
71
71
75
70
68
79
71
72
73
76
71
74
66
68
73
69
69
76
71
72
75
75
89
75
66
73
75
75
70
82
65
72
85
76
78
73
71
70
69
73
69
72
67
99
71
69
88
68
74
72
69
70
73
73
67
72
71
71
65
99
98
90
62
71
72
72
85
68
67
67
74
69
67
72
73
76
69
74
73
72
72
68
70
72
80
69
69
67
98
68
74
68
70
94
70
79
70
72
73
73
68
71
75
71
74
68
67
74
84
72
72
70
78
63
74
75
69
68
68
67
72
68
76
71
72
69
78
80
69
71
75
75
73
72
74
68
69
67
70
71
71
71
71
74
83
75
72
72
78
72
72
82
75
69
73
89
70
68
67
67
74
78
71
68
70
69
82
70
65
75
67
72
77
73
70
98
99
99
66
74
66
88
67
72
77
81
64
75
92
80
98
73
71
77
69
71
71
72
75
68
71
72
65
76
95
73
87
97
65
99
80
70
76
73
71
73
80
66
88
71
71
71
73
71
72
69
72
73
66
70
71
76
66
70
70
75
74
76
78
99
63
85
64
71
76
74
70
72
78
99
75
74
74
71
70
74
69
70
75
67
71
69
72
74
71
71
76
71
70
85
71
73
87
66
78
70
76
69
70
75
97
73
71
71
86
67
76
76
69
79
73
74
67
70
75
71
71
73
70
76
84
67
72
77
83
99
74
65
75
99
66
99
90
69
90
70
67
68
68
81
75
74
74
72
65
66
78
72
69
99
80
95
72
99
69
87
62
71
80
77
82
72
69
72
99
72
87
71
65
70
73
80
70
73
71
72
66
69
74
66
77
72
69
93
67
81
75
70
87
76
69
72
77
75
76
70
99
64
83
69
69
72
73
69
74
73
76
72
70
69
72
70
73
76
69
75
69
62
82
71
74
73
65
68
68
81
71
80
75
71
72
69
73
69
73
72
69
72
69
71
66
68
70
84
69
81
81
99
69
66
65
73
65
75
72
77
76
72
65
70
81
73
84
77
71
73
74
71
68
68
72
75
72
67
70
72
79
81
70
97
75
66
63
99
66
73
71
73
76
69
70
72
99
77
66
79
71
79
71
68
72
74
74
73
67
69
75
69
99
99
73
68
65
73
72
68
68
67
76
69
77
69
99
86
64
78
84
67
77
72
74
69
66
68
73
69
65
72
76
72
99
67
76
72
83
87
67
69
68
68
70
70
69
99
81
95
74
69
67
71
71
71
73
66
70
72
72
75
65
66
70
73
72
87
98
82
74
81
73
72
67
65
67
74
83
73
90
68
71
73
68
73
77
74
67
65
69
77
99
99
69
70
69
81
73
74
71
99
72
76
66
73
70
66
86
68
76
72
76
97
68
69
65
67
82
73
72
67
70
81
77
82
70
71
66
76
72
71
73
67
80
73
81
72
70
73
68
71
69
73
77
67
99
67
68
71
78
73
70
72
93
76
68
64
74
70
70
74
75
72
72
73
69
71
80
78
75
71
65
70
68
84
72
70
72
99
66
68
69
72
68
72
99
71
69
63
71
69
72
72
68
71
74
88
75
85
72
99
68
86
70
66
72
77
68
68
70
99
69
71
77
66
71
72
70
75
73
66
77
69
72
80
71
93
99
68
77
67
72
73
66
75
69
73
76
68
68
74
69
75
86
98
71
71
69
99
78
73
78
69
75
68
73
99
71
71
76
69
99
73
70
73
70
65
71
71
69
77
67
71
75
73
73
84
81
70
68
71
69
70
74
70
75
68
68
96
70
77
67
69
74
72
69
97
77
68
71
66
72
69
70
76
68
75
85
74
79
99
76
69
72
71
72
68
73
65
74
71
70
91
66
64
70
79
92
65
73
75
69
72
74
75
68
71
67
71
79
70
70
74
93
69
71
85
78
