61
61
57
56
59
59
60
61
60
59
52
63
62
61
61
61
51
62
62
62
61
61
58
61
61
62
58
61
58
61
60
65
61
61
62
62
57
62
62
59
62
61
51
62
63
58
61
61
61
61
61
61
61
51
62
62
61
50
64
55
62
58
65
60
61
51
55
55
62
58
61
59
60
60
61
60
61
61
62
51
63
51
62
62
51
63
62
61
61
61
51
63
60
66
61
61
62
61
57
63
57
52
62
61
61
61
61
51
62
59
61
59
59
60
60
61
59
60
60
61
61
61
61
51
69
61
51
62
63
51
62
63
50
63
61
60
61
57
59
61
58
58
62
51
62
56
59
62
59
59
62
59
58
61
60
64
60
56
51
46
66
59
60
56
63
60
63
59
59
52
63
61
51
62
59
64
50
62
62
62
58
60
63
54
61
59
60
64
62
55
63
57
58
62
60
63
50
63
62
62
64
58
61
61
60
62
50
60
61
59
61
65
61
58
63
56
63
58
72
61
61
61
58
50
62
62
60
63
57
61
59
61
63
61
61
61
63
66
50
56
63
51
62
62
68
60
62
47
60
61
61
61
61
56
53
56
61
61
61
63
60
51
62
44
56
62
65
52
62
52
62
52
62
61
62
61
51
64
56
55
62
58
59
61
47
63
52
62
60
61
59
56
61
58
60
62
56
59
53
52
51
62
62
58
62
57
58
58
53
57
53
63
63
59
57
52
62
58
62
61
51
62
61
62
57
61
60
58
55
64
61
57
61
56
55
62
50
63
62
57
63
51
62
61
63
69
60
52
63
58
62
61
61
58
61
62
57
61
62
43
57
64
50
63
56
63
61
63
60
55
51
63
60
60
62
54
69
59
63
58
60
60
51
63
59
61
61
62
57
52
63
63
57
58
58
63
59
55
56
60
58
61
59
61
51
64
51
64
54
55
55
52
63
62
61
61
60
51
62
62
57
61
60
62
51
63
51
60
52
61
66
58
60
59
62
60
60
68
61
62
60
59
58
59
61
60
61
61
61
51
62
62
62
60
59
60
60
58
66
59
51
63
59
58
61
53
60
60
60
70
56
60
52
62
60
61
60
51
63
51
63
62
59
62
57
61
62
51
61
62
58
56
55
48
56
54
65
54
60
59
62
61
55
56
66
44
59
62
61
61
61
51
55
62
62
62
58
61
59
59
61
58
63
52
66
57
60
55
60
66
58
62
63
64
61
56
60
46
62
61
61
62
51
55
63
57
62
62
62
54
61
65
65
64
56
60
48
51
56
57
62
61
64
43
52
66
63
99
58
60
61
57
62
57
63
59
53
62
61
62
57
58
55
60
66
59
49
59
52
65
58
58
62
62
61
61
62
63
53
65
60
59
62
60
61
50
61
60
61
51
61
63
51
66
65
51
67
57
59
54
67
50
59
59
52
63
61
51
62
70
62
73
54
58
62
62
61
62
58
61
61
50
53
64
62
63
64
62
66
67
54
56
66
51
60
60
60
61
57
58
61
54
58
55
57
62
61
60
58
60
60
60
52
44
61
63
51
67
61
54
57
55
63
62
57
55
52
62
58
62
57
57
71
60
53
56
59
53
63
61
61
59
61
61
60
51
60
63
48
62
59
58
59
62
65
66
57
58
59
59
60
63
61
60
60
50
55
45
61
63
62
52
44
63
59
62
52
65
51
63
51
54
65
65
61
64
61
55
62
60
55
49
60
62
61
62
62
61
62
55
53
63
60
62
68
60
62
51
56
56
59
63
47
59
67
55
65
61
61
55
54
57
57
57
61
66
52
62
67
58
62
64
58
62
52
61
62
61
63
54
66
65
61
61
61
62
58
58
65
51
59
54
55
63
57
58
58
62
64
51
62
64
51
52
62
61
55
78
60
66
53
56
57
66
58
58
69
54
52
62
52
66
59
66
55
54
60
58
61
60
60
61
59
59
61
64
62
62
58
55
62
62
50
51
57
71
57
63
41
68
66
61
55
57
56
60
57
60
59
57
58
62
62
58
52
62
65
61
58
61
51
61
64
61
62
62
55
66
58
63
63
55
54
63
59
48
55
60
62
59
67
59
61
59
59
61
51
62
61
62
58
61
50
63
64
60
49
63
59
59
63
57
71
61
51
57
60
54
58
63
52
61
64
59
61
60
60
60
58
61
61
59
62
57
64
62
46
61
52
65
61
56
59
62
66
61
51
55
59
62
65
62
55
59
60
61
60
60
61
59
61
58
61
68
60
59
55
57
67
70
49
63
51
63
58
63
61
70
46
66
52
63
54
43
56
63
62
60
59
61
61
60
59
60
61
64
51
62
76
55
55
53
69
57
