6.556159098698444154e-04
8.528942674748130059e-04
9.880570326024074035e-04
9.731883744649172385e-04
9.564116705238490113e-04
9.939412685232573708e-04
9.387439767630789689e-04
8.346850572992225992e-04
9.877715873066739150e-04
9.391493074175638611e-04
9.147947203543838057e-04
5.423796430897853682e-04
7.425855128618819023e-04
9.704969700510268638e-04
8.031662626740709854e-04
8.344272650364636945e-04
8.749709702214891749e-04
9.639345514521613367e-04
7.402438016682610922e-04
7.258058086292429323e-04
8.895164202259442376e-04
8.194280168460910119e-04
9.747604494847461609e-04
8.771882925006080356e-04
9.411126876975872690e-04
7.810560564525115268e-04
7.300285049278709693e-04
9.247412425353873644e-04
9.632194504199942386e-04
9.382295677889951335e-04
9.943282957503019048e-04
6.793693319945282028e-04
6.925590443181972589e-04
8.114142606530094781e-04
7.785079439781572574e-04
7.294776148437653873e-04
8.604533594998020618e-04
8.678515429876298981e-04
8.357724800912569307e-04
9.595844360142935514e-04
8.470143026280130272e-04
8.291812323186764644e-04
9.288392892916608190e-04
9.360280674582943661e-04
7.844886899602832031e-04
9.831625053556836136e-04
9.690676738729475659e-04
8.968672857783133168e-04
9.133928253529655095e-04
8.470581318209546851e-04
8.500785030272073328e-04
9.374344156296565700e-04
9.162305564970329996e-04
9.835066034331596541e-04
9.005840480332816256e-04
8.252104971063767280e-04
8.580509543628656033e-04
8.746199619352745813e-04
9.302961713227864138e-04
9.417136980722773387e-04
7.102078909899667281e-04
9.843418227185596336e-04
7.953893336659634272e-04
7.719245234096838715e-04
9.613674369406410847e-04
9.843501365683904325e-04
7.148555952963819848e-04
9.756110144817364827e-04
9.697047622139187695e-04
8.890114960671269273e-04
9.268053883912941160e-04
9.439477260925199786e-04
9.590734435391823354e-04
9.902646545619786522e-04
8.223593959593156200e-04
9.916197874413335001e-04
8.009171941657511340e-04
8.453719198280307268e-04
7.004286909475521128e-04
8.051736546826893104e-04
5.572858199709429528e-04
9.158634660534348271e-04
9.574016168516497061e-04
8.833985352622031328e-04
6.830672764007728048e-04
5.323739727258747223e-04
7.620493608608835956e-04
9.183998614781252456e-04
8.645506582702910947e-04
9.778600331870057616e-04
9.230327212478295351e-04
9.014368211539558473e-04
9.824115781396081104e-04
7.447016254175098382e-04
6.947894241819962957e-04
8.577076977656084011e-04
7.494164728885088778e-04
7.401504537296599295e-04
9.854284366587195976e-04
8.232587341729935559e-04
9.430238790107958735e-04
8.388655380373588599e-04
9.749794814301049328e-04
9.513026897489673672e-04
8.671380814738727238e-04
8.534304546905513433e-04
8.455772184113863332e-04
9.966608080678174275e-04
9.141805892737275840e-04
9.890132144936281122e-04
9.369804491969890847e-04
9.873611435101681266e-04
8.883626829651047885e-04
9.142995464805903083e-04
9.111824396004220006e-04
8.838239955926141533e-04
9.405052952097259222e-04
9.162565837047553785e-04
9.619808845614530313e-04
8.664580998103410536e-04
9.337794411050648336e-04
8.175285857393577160e-04
8.368821774101808941e-04
9.146358460820902536e-04
7.314002812680575616e-04
6.511484388298516279e-04
7.636965776685045171e-04
8.286362652326628719e-04
7.578270418490129501e-04
8.983165567217898939e-04
9.317104484167781919e-04
7.186930546031478073e-04
9.591086100406709392e-04
6.221609478033185425e-04
9.558583032235334898e-04
9.468122139123513747e-04
9.326928100743536731e-04
8.051163722382348453e-04
9.391625630730260355e-04
9.706635755873938010e-04
8.961452056692742474e-04
9.533594971993242240e-04
7.785066727259426500e-04
9.324956528125039057e-04
9.197364597895996141e-04
9.162120830961129059e-04
7.872875064733886319e-04
6.641606077141259945e-04
9.225147868130445516e-04
9.946073350646233990e-04
9.489446878175877842e-04
9.036742221043558843e-04
9.835343486904735144e-04
9.718308786689222600e-04
9.708121539609981809e-04
9.887091927491820087e-04
9.538682222568484192e-04
7.420523864513084433e-04
7.731160901478517644e-04
9.809391703851089162e-04
7.110686794282727874e-04
8.354817634745881350e-04
8.135318354810516794e-04
7.429112493702039188e-04
9.483488850619004040e-04
8.816106128176626200e-04
8.704357460602718533e-04
9.639740619149517187e-04
9.934117318955992815e-04
9.695143120802551806e-04
5.495903807024582477e-04
8.629302414263628762e-04
9.738611302563260352e-04
9.078204056557348522e-04
9.541387383880106654e-04
9.454400904689297391e-04
7.034602907144416051e-04
7.531461347795032069e-04
6.887828241539661889e-04
6.598844504320799942e-04
8.775895179704562565e-04
8.995398507434249069e-04
5.337133605062271968e-04
8.825762813210458191e-04
9.307952447545897456e-04
9.451231771279156035e-04
9.489474333176373122e-04
7.393200759540086153e-04
6.198680052167393484e-04
5.389187165295572512e-04
7.777145888113734529e-04
9.141704640771575185e-04
9.271156851974327040e-04
8.888839197942477455e-04
7.948544994762496430e-04
6.280528282905928350e-04
8.186966424063024661e-04
5.599063860950437288e-04
7.724387040975999597e-04
7.815804182969010583e-04
8.565446588167935360e-04
9.918065015844801380e-04
9.481254313157272406e-04
9.616865962618348362e-04
9.914820677355828948e-04
5.730437728360682215e-04
8.638510866928461596e-04
9.696983001646897193e-04
8.541612131107712003e-04
9.965229792986418644e-04
8.521291483765125463e-04
9.079059102125031089e-04
8.153449269514556619e-04
8.725244384181207735e-04
5.884241123464972745e-04
8.595723189694925992e-04
8.805887082782293263e-04
8.379327311260897915e-04
8.718642854673719356e-04
9.365994788451681430e-04
9.010437954597438903e-04
8.762401044082324120e-04
6.962274282039659923e-04
8.743830462826229777e-04
7.845853401863278620e-04
9.257915357657742206e-04
9.761491100402919230e-04
6.519224800648482088e-04
7.849825459439463415e-04
9.731865181180632263e-04
9.380968566990999236e-04
8.236369885239458455e-04
5.128315911782088676e-04
8.078589142134218193e-04
9.639888979890987031e-04
8.290686077764286566e-04
7.625161603040941927e-04
8.631030777763726292e-04
8.253163192227797040e-04
6.968272868080882532e-04
6.867073425449454760e-04
8.851275376712264276e-04
8.115104046322318965e-04
8.373288146863444581e-04
6.254102715397280576e-04
9.472946365766121701e-04
8.979960822129706699e-04
6.307995280813161187e-04
6.488638064146012852e-04
8.146971869760211149e-04
7.207389568493205445e-04
8.392325459017913047e-04
9.962650886815582751e-04
7.779816941060335722e-04
8.215505987348992178e-04
9.539948955835653166e-04
9.611178676860454573e-04
8.180394340376873075e-04
7.486525769420104837e-04
6.736394304965864777e-04
9.723544280290097319e-04
9.397046155337207551e-04
9.698949337673123949e-04
9.074813757853350538e-04
7.115034785387663874e-04
9.404404611494943111e-04
8.919623655544439700e-04
6.588064145836014518e-04
9.458102591168859874e-04
8.421203093136320206e-04
8.987943150321475727e-04
9.058108592981950480e-04
8.168728681778869571e-04
8.798949029900082763e-04
8.123047206490818795e-04
8.688696246474947316e-04
6.528315431971742910e-04
9.917215099486398344e-04
8.946136548950711642e-04
7.823583554179558419e-04
9.090000547344878612e-04
9.938640710613899643e-04
9.551871995044924901e-04
9.231344422934162353e-04
8.072636013256584420e-04
8.142004352383880317e-04
9.320103035069804420e-04
9.748385804593251436e-04
9.398464199973366462e-04
9.590211321182096071e-04
9.794624090069259381e-04
9.781190426957353523e-04
8.927225180193065768e-04
9.492118345147959602e-04
9.982044888540153593e-04
7.856145715211537706e-04
9.179272427182194605e-04
8.887236967519696051e-04
9.291839321853290201e-04
6.548334576605974178e-04
9.543717822896313763e-04
9.745936707994395931e-04
8.643592971412372705e-04
9.082806615328120614e-04
7.925824987503604646e-04
9.917944668281775122e-04
9.981791561137765001e-04
9.942951210122341621e-04
8.106036496425828020e-04
9.261990710440759500e-04
8.028091226708333750e-04
8.205943069747867469e-04
7.247108495189724664e-04
9.685655618453248294e-04
8.256568532539754202e-04
6.481579168708950789e-04
8.334566511543073375e-04
9.601934268659295668e-04
7.348263564980195284e-04
9.489425020280384260e-04
9.920227980632079223e-04
6.980814092668596871e-04
9.061239071835869296e-04
9.630867186571911986e-04
7.572793033961966458e-04
9.259476083288697978e-04
9.924592383508956672e-04
9.934277036999228372e-04
9.685521268084640312e-04
7.431029534111788237e-04
9.094735693156996703e-04
8.750728875720481525e-04
9.688835402462681046e-04
9.283472970147421677e-04
9.214076153380990064e-04
8.623580181947865242e-04
5.922293467471861916e-04
7.324171776301735548e-04
7.170728837514461773e-04
8.560717914399829098e-04
7.704293994156286018e-04
7.868759213864873203e-04
8.274221015728278061e-04
9.422966597382176346e-04
6.546275063518125492e-04
7.572609084089965137e-04
8.334884086209637388e-04
5.944198361742536463e-04
8.468115862959590956e-04
9.559986022170674502e-04
8.836710956396931493e-04
8.780862818669188385e-04
9.488598827199767882e-04
9.731006686453103072e-04
8.426543158666088829e-04
9.486503922782052456e-04
8.450228344853982776e-04
9.344447381925968799e-04
8.863560721007468501e-04
9.995851603192829060e-04
9.402549434261997519e-04
9.282674854643735429e-04
9.501069917016158328e-04
6.680513113904718026e-04
6.509779709925611613e-04
8.905633223762476902e-04
6.649188920871962338e-04
7.950171458034338556e-04
7.215385367996818289e-04
9.733142212915435465e-04
9.273035964455500491e-04
9.785856538389037240e-04
7.292547210476785224e-04
9.505599791940211318e-04
9.815916489739340278e-04
9.500761239917832057e-04
8.093620327940254100e-04
9.348770078272394812e-04
8.604147087978297748e-04
9.061691927428894289e-04
8.985766103815073791e-04
8.855824844704596188e-04
8.411664047526246080e-04
6.345734790725865437e-04
9.336117235422269900e-04
9.057941669121660766e-04
8.493210995095257232e-04
9.147085578335989453e-04
6.625975999487998536e-04
9.212094485191446580e-04
6.513828732197524118e-04
7.330364805515632298e-04
9.836263669568134915e-04
9.647592562535001193e-04
9.974819314797489511e-04
7.633281168712979792e-04
9.295995192272199503e-04
9.097713975270149689e-04
8.899786960290256843e-04
9.880242974661390676e-04
9.883490550665063878e-04
9.379519377121781076e-04
9.963840402718027178e-04
9.438803516361726764e-04
9.522732931032118486e-04
7.515956932139244984e-04
4.879241471373862993e-04
7.928492906589257316e-04
5.730875159397630370e-04
6.766762904444334481e-04
8.774764297571069349e-04
9.915799444184525413e-04
8.982246227547951989e-04
8.197070911704074092e-04
9.652309055434571405e-04
8.110071310576394410e-04
9.961471490989026734e-04
7.692582041253226421e-04
9.385092408468187486e-04
8.113465335056746497e-04
9.758190714882486461e-04
9.460542320295362018e-04
9.145200713930323744e-04
7.162026619833561369e-04
4.959931794276117856e-04
6.481128552293657918e-04
7.270857449379608539e-04
7.642412482307125998e-04
8.998041185257488195e-04
3.428115505857975975e-04
9.327621137832364795e-04
8.033934722310176468e-04
7.211374419655580681e-04
9.496364632641807191e-04
9.752353198215768515e-04
9.234694867854553735e-04
8.754927650326260746e-04
6.563628079715444485e-04
8.395904914676455277e-04
8.219395991508893218e-04
9.818574106557065306e-04
9.869660831334226003e-04
8.634019058484376785e-04
8.917997162101176656e-04
7.788398344067415380e-04
9.953255241214042925e-04
8.633590183572126264e-04
8.315602956744383434e-04
9.464752905590234633e-04
9.866633913150346658e-04
8.826480981599660325e-04
8.764640780706267620e-04
8.817996487640034076e-04
9.518316065231235967e-04
9.112139564507737433e-04
9.748240753263415215e-04
9.803734186154544616e-04
9.815818151699406968e-04
8.431060076925511737e-04
9.330802425857598337e-04
9.130454921983943706e-04
9.467612643271339223e-04
8.406878824955832386e-04
9.625960763092189509e-04
8.714730209986587539e-04
8.997998528756934178e-04
9.878400479664817269e-04
9.257032708567258794e-04
9.494964976223263520e-04
8.554588934215345830e-04
9.655693435329792962e-04
8.740196136839406549e-04
8.807414243686695343e-04
7.963077644878024941e-04
8.966524532784125867e-04
8.689109781094828122e-04
8.303755717944394377e-04
8.415544422263332436e-04
6.481014330248502375e-04
6.973468480752087473e-04
5.588246014801567796e-04
8.434675796730184416e-04
9.162931342878710694e-04
9.449810594465146707e-04
6.968581694241082758e-04
9.942084486933566723e-04
8.783050808672809850e-04
9.445530870006990654e-04
8.401136351866567153e-04
8.833893929979241832e-04
8.003955263728990133e-04
8.494406173815693961e-04
7.445495955936687338e-04
9.119009026250513017e-04
8.184941516490296110e-04
8.035530581571581621e-04
9.150750243435146203e-04
8.892195879273145920e-04
9.137253614086571218e-04
9.570640613193459600e-04
9.345760296174399073e-04
7.641206205282191632e-04
9.946071726880667541e-04
6.529247572334417882e-04
8.413993025652155566e-04
7.127615728439451459e-04
9.963223040652113838e-04
8.590661017843226333e-04
9.540472353168905073e-04
9.298325049752476090e-04
8.502900793351253483e-04
5.657178091349468474e-04
7.256894239187072770e-04
9.791360173523333543e-04
9.000308117323996271e-04
8.849618988976404310e-04
9.590108140244968382e-04
8.994900756859047775e-04
9.480147969415098075e-04
9.499991721866329897e-04
6.713261667959935508e-04
9.973645263015029627e-04
8.119106190885849728e-04
6.923564259501135965e-04
7.688587660694690129e-04
8.062603439030757713e-04
9.361795806815953469e-04
7.577271926617612507e-04
8.542506525810455997e-04
6.051889101872376386e-04
8.851301565250269121e-04
9.061288821959889717e-04
8.656032289289239401e-04
6.890394887297812687e-04
8.183996927437764413e-04
9.928024787770883819e-04
9.673527596101294534e-04
7.548352252181311783e-04
9.117498518231847981e-04
9.085624551391502379e-04
9.532926702184862933e-04
7.785358860421531801e-04
8.172586081205412967e-04
9.729177820076984062e-04
9.575049831930249056e-04
9.436417999756363528e-04
7.716737543731477800e-04
8.255792798442795899e-04
8.595772847375116044e-04
9.086409804079931263e-04
7.046566603799986339e-04
5.945902933098823340e-04
6.217272075969004774e-04
8.558953738849739423e-04
8.110793482611899918e-04
9.525186512228112079e-04
9.307586279199142609e-04
6.777172952316945498e-04
9.979501055066286597e-04
9.886614410862248903e-04
8.140656705427629092e-04
8.789114834644173868e-04
9.638524112564050839e-04
9.338329940418166331e-04
8.648187157654918522e-04
8.220348709266911413e-04
7.637773549376003501e-04
1.219832048256819235e-03
9.664948275024398683e-04
7.479677609096846425e-04
9.117594885809099381e-04
9.179750995012003756e-04
7.431963629350724077e-04
9.513563749279363435e-04
9.914377813153851804e-04
9.497653413721440785e-04
8.605343083071259613e-04
7.934422725727197090e-04
9.315755243612944270e-04
8.929093075196181672e-04
9.806191130610208972e-04
6.287266544297009929e-04
9.069296894906875295e-04
8.645558594675417652e-04
8.344622405742629923e-04
9.537573265073762130e-04
7.674600961861122173e-04
9.958663107217935462e-04
6.731382655992268482e-04
9.660791164293192068e-04
9.649504361737282210e-04
8.644543009458383054e-04
9.604057452198278000e-04
7.795112976548557171e-04
9.225290366615679361e-04
8.298507192674442479e-04
6.897245852122146914e-04
6.968391171847665433e-04
8.748120339404641399e-04
7.868690249569487705e-04
8.721165577932898927e-04
8.504122152084292452e-04
8.017099450802200877e-04
9.760575427515405522e-04
9.232050834849792054e-04
7.652247998706229737e-04
9.780570521515929983e-04
9.326235197534282761e-04
8.503777393412681462e-04
9.271054270190148827e-04
9.247680849384654067e-04
6.892121529907813127e-04
9.544802551026965176e-04
9.047622053950377108e-04
8.674142551701180537e-04
6.545598572668120951e-04
7.846568668401499025e-04
9.589988639471247467e-04
8.250224320137666822e-04
5.318467047883412846e-04
9.510314616600901161e-04
7.984651452357383050e-04
7.977424274514532954e-04
9.885291794946571287e-04
8.996264354615979286e-04
8.205378622405667954e-04
9.072706634958294103e-04
9.021467123067061777e-04
9.072411463099117057e-04
9.453553306131290412e-04
9.395468001085482967e-04
8.053767150157931098e-04
9.322205578110587254e-04
9.470607493442528835e-04
7.994948190754858075e-04
7.325756464678923052e-04
8.456950475362878805e-04
8.895654059897228905e-04
9.994819995612358454e-04
9.054244811185219177e-04
8.235969434305934200e-04
9.204580501489534328e-04
7.214717748994514679e-04
6.573942650244246622e-04
9.226205601697845538e-04
7.333130313541547096e-04
5.746013991523302167e-04
9.400379346438114680e-04
9.867481923350185369e-04
7.665321647314371489e-04
6.218887719965371375e-04
8.093202722722070419e-04
7.634036381499731405e-04
9.629262324031273579e-04
8.627965743004395449e-04
8.550909061044720261e-04
8.442673508913811631e-04
8.843500226565215172e-04
9.005905417288628811e-04
8.081445474464876710e-04
8.560598331701640973e-04
9.881496173830273122e-04
9.258143221577697091e-04
8.816467059380439508e-04
7.928589665316954083e-04
8.724725774512664955e-04
8.876331883306276538e-04
9.964854328901040503e-04
8.953351692343458623e-04
7.169570659936175261e-04
7.767393134928690657e-04
8.936084094618435003e-04
9.718273321315251678e-04
9.669032810138977752e-04
7.929498442390547908e-04
8.826880672759829238e-04
8.765744125021068811e-04
8.457785768298808904e-04
8.950747914465706501e-04
5.882489321714645669e-04
7.212004479845157690e-04
7.669621129666737147e-04
7.653044798513475300e-04
8.838378587652240270e-04
9.237238372358236305e-04
7.027489851665347231e-04
9.256168470228587353e-04
8.352370411216503143e-04
9.600611436532124898e-04
7.630293485314521007e-04
9.559054449881365656e-04
9.445205118431276858e-04
6.711839618317450018e-04
7.656569708799354501e-04
9.664065259135101726e-04
8.676699627279127469e-04
9.313973886283521963e-04
9.720632522688399391e-04
7.551080921729402817e-04
9.882642703475941204e-04
9.663487566006212504e-04
8.738551053133480906e-04
8.361699454101367834e-04
8.691449748986501689e-04
9.388356522626040146e-04
8.982244620276969016e-04
9.243786329315994976e-04
8.446561216782777493e-04
9.947999300164989123e-04
7.994444072501050158e-04
7.241135423208255872e-04
6.233069323279272211e-04
8.378300349505263256e-04
9.869873684205110465e-04
6.291905192759017496e-04
9.481448387854696236e-04
9.898142745216054195e-04
9.086144751782043727e-04
9.347499469818387752e-04
9.680277802865955294e-04
9.328186182906428314e-04
8.776587520471501591e-04
8.500375725318809472e-04
9.889333550615608814e-04
8.921685347874630523e-04
9.341095736734583710e-04
5.715433566493288708e-04
9.862924064962808046e-04
9.999019761917082860e-04
7.887128633945472700e-04
8.957970322258645979e-04
8.644953740227778738e-04
8.321342518816665645e-04
8.467735425814471029e-04
9.923658042118033151e-04
8.432373862859998681e-04
9.382084877794794053e-04
9.944553381275866855e-04
9.309379127866446169e-04
8.349651660071177872e-04
8.016882064536545727e-04
8.151971677077263223e-04
9.136288656060864710e-04
8.531093948602741506e-04
9.766747996557967326e-04
8.560677634691371551e-04
7.984293393924479787e-04
7.442532477748287079e-04
8.775077501150807535e-04
9.443341210823019694e-04
7.477452672136619682e-04
9.440010349638372489e-04
8.993209518208811204e-04
8.504950200021177409e-04
9.356018375807906295e-04
8.071811539746009956e-04
8.462918813406661300e-04
9.429798897786501044e-04
7.097165710122643745e-04
9.910849936654031467e-04
7.631062238740993209e-04
6.635624908132298216e-04
9.986138420261525539e-04
7.482479278938525269e-04
9.919344520427086920e-04
9.667920197128365700e-04
8.306916919254003773e-04
7.306989188697876614e-04
8.088711661945469089e-04
4.783807681109086829e-04
9.188421077571673479e-04
7.165024936293118429e-04
8.640968929266579224e-04
9.395131485395724624e-04
8.347171828432253804e-04
7.365991275311012387e-04
9.097826329642622056e-04
9.034638245187798233e-04
8.295844374243133146e-04
8.333900209998024167e-04
9.606174442243764489e-04
9.270490783814810953e-04
9.692273623140845729e-04
8.748927711025311638e-04
8.045677158002861873e-04
9.616981017411818655e-04
9.462669198517792424e-04
9.577251127903529948e-04
8.350004143651279520e-04
7.170501475758372933e-04
9.386618328036666625e-04
7.864233073414661490e-04
9.404032281434826501e-04
8.028739722164557335e-04
6.666756020540232086e-04
9.982407882359600748e-04
6.716688206791499027e-04
8.448517979510183906e-04
6.602783143739854310e-04
8.376548597126554085e-04
9.704900367162316854e-04
8.549166672012775692e-04
7.058871814262790423e-04
9.382809779615586265e-04
8.080270711682269180e-04
7.619774014808733398e-04
9.935575654893558095e-04
8.132812761993957196e-04
5.547807898664824933e-04
5.059076426905395607e-04
9.708015958083127117e-04
9.815814915492548920e-04
7.979097370459653504e-04
7.491336524905189975e-04
6.818228250589086770e-04
9.772937619272337173e-04
9.297749673391475511e-04
8.933757866235181311e-04
9.727548077930192605e-04
9.517998996262377887e-04
9.016569331283807998e-04
9.147269448765982247e-04
9.338805082370615906e-04
7.897790209769883774e-04
9.258399620833968058e-04
9.897922340939002694e-04
8.908653523143073016e-04
8.836434321530806102e-04
9.648696711477278143e-04
8.771995196698023634e-04
9.434810858924835841e-04
9.027656140464523915e-04
7.690946592360248246e-04
8.439591276515612250e-04
8.582731192742221182e-04
8.765567610605762283e-04
6.791094702129907290e-04
9.546451490485274860e-04
8.817323971218593570e-04
9.539235393525302698e-04
9.178810040019191874e-04
8.038118093136592535e-04
8.662655472231328702e-04
9.171221955184272190e-04
8.960386414000875988e-04
8.731907061365618006e-04
5.240955637475508411e-04
8.498296854305698034e-04
9.540607044924431790e-04
9.233468808886868828e-04
9.652748582988923687e-04
9.662025015615416379e-04
9.475658214033177984e-04
9.635796549152253476e-04
9.737722719910246738e-04
8.230422774838652700e-04
6.624220174775707903e-04
7.284099114125419661e-04
9.908815026007378179e-04
7.148940846934959126e-04
7.593922043337419936e-04
8.213561813923409005e-04
8.152765418805163478e-04
7.811257990865128065e-04
8.516811912030464171e-04
9.321927586911638031e-04
8.601869849882426422e-04
8.094987832391042915e-04
7.780589317287756046e-04
9.966461264124815145e-04
8.207307257350748841e-04
9.800469195909711217e-04
7.654571023505418736e-04
9.125930934277270978e-04
6.798041861937331731e-04
6.193949554509359245e-04
9.001036928868444420e-04
8.712188910139362363e-04
9.881888585135945036e-04
9.219458703557670276e-04
9.529212398605713119e-04
8.922405040535652532e-04
8.081071173815512765e-04
9.510484464888557810e-04
9.720137887541113741e-04
8.990475410578513404e-04
8.547215604417512935e-04
9.331609503939741757e-04
9.560667370818176636e-04
9.137991799423872408e-04
9.684510024092762848e-04
8.760727702384896176e-04
8.035799183374603416e-04
7.893479418256132973e-04
7.995543135298488480e-04
5.992488843766796691e-04
8.202568926730657850e-04
7.123410029656884745e-04
9.420553449017710079e-04
7.409092804561145940e-04
9.544968300216893908e-04
8.959387993660028471e-04
9.863368957840901174e-04
8.244771028136366198e-04
9.053163808231401433e-04
8.867417466368321399e-04
6.970808640529568834e-04
8.781888015780836554e-04
6.490507569383296982e-04
9.984221412895344372e-04
9.859440434671906672e-04
9.728333427299062919e-04
9.506743261448180604e-04
9.145208178292785206e-04
9.840113967896080283e-04
8.891447806166352663e-04
9.561274959128951423e-04
8.912420733000470108e-04
9.857484519638637366e-04
8.113153922510996097e-04
9.643506030043713650e-04
9.015317473737294307e-04
8.790815797772300044e-04
8.201279548781803541e-04
6.870385165187453680e-04
9.350470076778805151e-04
9.644765533055599249e-04
9.639615029013448577e-04
7.262113623103250148e-04
9.869526621170132685e-04
6.050603990960246037e-04
9.827302201128595982e-04
8.550210504456590144e-04
9.817300867945855103e-04
6.416062324527960214e-04
9.161007800188025740e-04
8.451905875269671853e-04
9.974572922898383709e-04
8.151633854781570321e-04
8.903748862418847665e-04
9.998127186452432369e-04
8.570083289362040446e-04
7.906459939274190774e-04
9.424080625562991642e-04
9.267540360302639613e-04
8.969096300653900400e-04
9.778610810370347295e-04
9.442686963728741389e-04
9.793384578357100523e-04
9.434182162124660209e-04
8.882940202593614387e-04
9.293007084177906663e-04
9.357008639783170878e-04
6.529078954312650396e-04
8.255614621425211297e-04
9.232244226552444033e-04
9.036814549331362301e-04
8.277426560004963463e-04
6.526397883973578118e-04
8.386924081447144630e-04
9.305011237484839270e-04
9.963920449894692055e-04
9.762179569877682539e-04
9.154305500230774939e-04
8.665032043134734963e-04
7.319616919010396572e-04
7.807166233152473822e-04
8.161797710918294868e-04
8.860694446212180608e-04
6.125359079919290295e-04
5.252768853358791290e-04
8.207853359804007098e-04
9.521104474310426724e-04
7.165711851605527372e-04
9.604364194779613229e-04
8.538492725688184848e-04
8.698107735217730507e-04
9.419989403411932471e-04
8.096922036568976466e-04
9.908811871338629729e-04
8.467630268979009500e-04
8.771129261877508299e-04
8.790903763941093629e-04
4.478008370054631371e-04
7.281612988698782374e-04
9.190217721076754387e-04
7.434407444436574863e-04
6.682800886536055529e-04
9.874986357547577143e-04
9.510256031138863975e-04
3.570366260158275296e-04
7.574426029595127119e-04
5.698572396266587958e-04
6.506524239241473495e-04
8.805254785219096547e-04
8.374173348737468103e-04
9.305690759034979109e-04
8.867655349521497143e-04
6.476619178374942720e-04
6.884471531243274711e-04
9.012867855672235251e-04
8.664880327146073924e-04
6.027340710815787261e-04
8.234403724518557510e-04
7.428036628683853948e-04
8.597308587648955225e-04
8.354785247801643777e-04
9.343922905383772459e-04
9.842451446868683007e-04
9.237730326036031059e-04
8.750258638002827993e-04
9.235570525474301462e-04
9.939042319980773144e-04
9.752022274269744884e-04
8.569603703173500620e-04
9.316625317582483135e-04
8.290670990327431156e-04
8.151748239345613101e-04
9.986400139782025676e-04
9.102057506242822171e-04
8.990650052184134822e-04
9.868511882561437076e-04
8.754278124797343352e-04
7.103094652496366734e-04
