7.117869554197353565e-04
4.184376316632709703e-04
5.931380609746073063e-04
9.892472911662286705e-04
4.485799497951914461e-04
9.967755234082664728e-04
1.507099684447843480e-03
8.643165393590335199e-04
9.342287030409401893e-04
9.133058031405294486e-04
9.618644101765383425e-04
8.608624930328545588e-04
9.847991586189319690e-04
8.538852075793412766e-04
9.664291941401392805e-04
8.185514326994880463e-04
9.164507211598671432e-04
9.904500890869361029e-04
9.862209161685120407e-04
9.072229220836725005e-04
9.564673927136002618e-04
9.873072626165324550e-04
7.144424657713477345e-04
8.718836944499042119e-04
8.611187448487322982e-04
9.770129998354359913e-04
9.569858564661970490e-04
9.596573146125608744e-04
8.025034597559654870e-04
7.472184991209607219e-04
8.971883433753768955e-04
8.504799798535467303e-04
9.704315164028587404e-04
8.395121257398496795e-04
9.581020086439906436e-04
9.341588093332298115e-04
8.666466393373317700e-04
9.678879624464009623e-04
9.948134310568956806e-04
9.977815687466362604e-04
9.053746001261853138e-04
8.845876454369738795e-04
9.478326375558232542e-04
7.297368629384237693e-04
9.886352933806685783e-04
9.848372310267139440e-04
8.362124002805337852e-04
9.258866537391607920e-04
9.109759027126074216e-04
9.504267463227300539e-04
9.848791603692674812e-04
7.153013873042457504e-04
9.540387633514280097e-04
9.121718554367941323e-04
5.511103906569170263e-04
9.083045932640754216e-04
9.929718880536952952e-04
9.392879589323888112e-04
8.952695865031001787e-04
1.676285168324520569e-03
9.729338079221827584e-04
8.616241183423412053e-04
9.819950553628942203e-04
8.583712918036612294e-04
